[gd_scene load_steps=45 format=3 uid="uid://c3wojcv4sw6nq"]

[ext_resource type="Script" path="res://Scripts/Cow.gd" id="1"]
[ext_resource type="Material" uid="uid://bpklw4u7vb50" path="res://Assets/Materials/Silhouette.tres" id="2_ymng0"]
[ext_resource type="ArrayMesh" uid="uid://b2d08mld62ud4" path="res://Assets/Models/Cow/CowMesh.tres" id="3_1w54o"]
[ext_resource type="Material" uid="uid://b7nhfdyhw6kqy" path="res://Assets/Models/old/Cow/Cow Legs.material" id="4_5y8sf"]

[sub_resource type="BoxShape3D" id="1"]
size = Vector3(0.5, 1.8, 1.4)

[sub_resource type="Skin" id="Skin_dww4w"]
resource_name = "Skin"
bind_count = 44
bind/0/name = &"Root"
bind/0/bone = -1
bind/0/pose = Transform3D(-4.37114e-08, 0, 1, 0, 1, 0, -1, 0, -4.37114e-08, 0, 0, 0)
bind/1/name = &"Base"
bind/1/bone = -1
bind/1/pose = Transform3D(-7.65161e-08, 0.608072, 0.793882, 1.34887e-07, 0.793882, -0.608072, -1, 6.05572e-08, -1.42766e-07, -0.355647, -0.958859, -2.17566e-07)
bind/2/name = &"SpineBase"
bind/2/bone = -1
bind/2/pose = Transform3D(-2.9558e-07, -0.996979, -0.0776739, -5.15056e-08, -0.0776741, 0.996979, -1, 2.98688e-07, -2.83911e-08, 1.11213, 0.52018, -4.41784e-07)
bind/3/name = &"SpineMid"
bind/3/bone = -1
bind/3/pose = Transform3D(-0.252205, -0.825554, 0.50483, 8.19563e-07, 0.521694, 0.853132, -0.967674, 0.215164, -0.131573, 0.854228, -0.67714, -0.222638)
bind/4/name = &"SpineUpper"
bind/4/bone = -1
bind/4/pose = Transform3D(6.93951e-07, -0.96367, -0.267094, 6.78321e-09, -0.267095, 0.96367, -1, -6.27851e-07, -1.89481e-07, 1.31774, -0.0232451, 7.24388e-07)
bind/5/name = &"Neck"
bind/5/bone = -1
bind/5/pose = Transform3D(-2.64849e-07, -0.984531, 0.175207, -1.95408e-08, 0.175207, 0.984531, -1, 3.00029e-07, -7.63088e-08, 0.963869, -1.03834, -4.21518e-07)
bind/6/name = &"Head"
bind/6/bone = -1
bind/6/pose = Transform3D(-8.93605e-08, -0.989554, -0.14416, 2.19831e-08, -0.14416, 0.989554, -1, 1.27958e-07, 2.39688e-08, 1.30263, -0.863661, -3.2567e-07)
bind/7/name = &"EarBase_r"
bind/7/bone = -1
bind/7/pose = Transform3D(0.538249, -0.420667, 0.730292, -0.49079, -0.860886, -0.134164, 0.685137, -0.286207, -0.66983, -0.164123, 1.27887, 1.20622)
bind/8/name = &"Ear_Upper_r"
bind/8/bone = -1
bind/8/pose = Transform3D(0.756701, -0.23059, 0.611745, -0.243736, -0.967773, -0.0633003, 0.606627, -0.101204, -0.788518, -0.243311, 1.26941, 1.08482)
bind/9/name = &"EarLower_r"
bind/9/bone = -1
bind/9/pose = Transform3D(0.771827, 0.17585, 0.61103, 0.121439, -0.984073, 0.129814, 0.624127, -0.0259906, -0.78089, -0.697274, 0.993733, 0.995468)
bind/10/name = &"EarBase_l"
bind/10/bone = -1
bind/10/pose = Transform3D(-0.538249, -0.420667, 0.730292, 0.490791, -0.860886, -0.134164, 0.685137, 0.286207, 0.66983, -0.16412, 1.27887, -1.20621)
bind/11/name = &"Ear_Upper_l"
bind/11/bone = -1
bind/11/pose = Transform3D(-0.756701, -0.23059, 0.611745, 0.243736, -0.967773, -0.0633003, 0.606627, 0.101204, 0.788518, -0.243309, 1.26941, -1.08481)
bind/12/name = &"EarLower_l"
bind/12/bone = -1
bind/12/pose = Transform3D(-0.771828, 0.17585, 0.611031, -0.121439, -0.984073, 0.129814, 0.624127, 0.0259907, 0.78089, -0.697272, 0.993734, -0.995463)
bind/13/name = &"Chest"
bind/13/bone = -1
bind/13/pose = Transform3D(-6.8063e-07, 0.450793, -0.892629, 1.56892e-07, -0.892628, -0.450792, -1, -4.04169e-07, 5.26158e-07, 0.37357, 1.32272, -2.20716e-07)
bind/14/name = &"Shoulder_r"
bind/14/bone = -1
bind/14/pose = Transform3D(-0.272053, -0.215737, -0.937787, -0.765518, -0.541979, 0.346759, -0.583069, 0.812229, -0.0177037, 0.623688, 0.555061, -1.01975)
bind/15/name = &"ForeArm_r"
bind/15/bone = -1
bind/15/pose = Transform3D(0.13373, -0.0542497, -0.989532, 0.194368, -0.977672, 0.0798674, -0.97177, -0.203014, -0.120199, 0.595289, 1.052, -0.0035593)
bind/16/name = &"FrontLeg_r"
bind/16/bone = -1
bind/16/pose = Transform3D(0.0889616, 0.220162, -0.971398, 0.0300653, -0.975414, -0.218318, -0.995581, -0.00978329, -0.0933936, 0.463162, 0.534707, -0.103183)
bind/17/name = &"FrontHoof_r"
bind/17/bone = -1
bind/17/pose = Transform3D(0.0994851, -1.25452e-08, -0.995039, 1.53072e-07, -1, 2.10215e-07, -0.995039, -3.18319e-10, -0.0994851, 0.503549, 0.123509, -0.101319)
bind/18/name = &"Shoulder_l"
bind/18/bone = -1
bind/18/pose = Transform3D(-0.272053, 0.215736, 0.937787, 0.765518, -0.541978, 0.346759, 0.583069, 0.812229, -0.0177035, -0.623688, 0.555061, -1.01975)
bind/19/name = &"ForeArm_l"
bind/19/bone = -1
bind/19/pose = Transform3D(0.13373, 0.0542496, 0.989532, -0.194368, -0.977671, 0.0798673, 0.97177, -0.203014, -0.120199, -0.595289, 1.052, -0.00355922)
bind/20/name = &"Frontleg_l"
bind/20/bone = -1
bind/20/pose = Transform3D(0.0889616, -0.220162, 0.971398, -0.0300651, -0.975414, -0.218318, 0.995581, -0.0097833, -0.0933935, -0.463161, 0.534707, -0.103183)
bind/21/name = &"FrontHoof_l"
bind/21/bone = -1
bind/21/pose = Transform3D(0.0994851, 2.59013e-08, 0.995039, 1.33197e-07, -1, 1.52681e-07, 0.995039, -7.17706e-10, -0.099485, -0.503549, 0.123509, -0.101319)
bind/22/name = &"TailBase"
bind/22/bone = -1
bind/22/pose = Transform3D(-1.25194e-06, 0.776992, -0.62951, 1.73932e-08, -0.62951, -0.776992, -1, -9.83693e-07, 7.74593e-07, -1.28452, 0.333687, 1.53541e-06)
bind/23/name = &"Tail_1"
bind/23/bone = -1
bind/23/pose = Transform3D(-9.95695e-07, 0.194504, -0.980902, -2.0553e-09, -0.980901, -0.194504, -1, -1.91651e-07, 9.77079e-07, -0.846684, 0.990681, 7.64449e-07)
bind/24/name = &"Tail_2"
bind/24/bone = -1
bind/24/pose = Transform3D(3.32666e-07, -0.0344488, -0.999406, 1.80174e-08, -0.999406, 0.0344488, -1, -2.94671e-08, -3.31848e-07, -0.633546, 1.00733, -2.6948e-07)
bind/25/name = &"Tail_3"
bind/25/bone = -1
bind/25/pose = Transform3D(6.52804e-07, -0.0293318, -0.99957, -1.81787e-08, -0.999569, 0.0293318, -1, -9.7747e-10, -6.53056e-07, -0.637752, 0.820035, -5.04789e-07)
bind/26/name = &"TailEnd"
bind/26/bone = -1
bind/26/pose = Transform3D(-5.31755e-07, -0.204951, -0.978772, -8.9592e-09, -0.978772, 0.204951, -1, 1.17752e-07, 5.18631e-07, -0.511363, 0.762885, 1.88637e-07)
bind/27/name = &"Hip_r"
bind/27/bone = -1
bind/27/pose = Transform3D(-0.419396, 0.7126, 0.562413, -0.639371, -0.671671, 0.37425, 0.644447, -0.202631, 0.737312, -0.575814, 0.933629, 0.551544)
bind/28/name = &"Thigh_r"
bind/28/bone = -1
bind/28/pose = Transform3D(0.885561, 0.368268, -0.283126, 0.181951, -0.83579, -0.518024, -0.427405, 0.407227, -0.80715, -0.140767, 0.625991, -0.683748)
bind/29/name = &"BackLeg_r"
bind/29/bone = -1
bind/29/pose = Transform3D(0.936346, -0.0604845, -0.345828, -0.0339934, -0.996039, 0.0821661, -0.349427, -0.0651802, -0.934693, 0.0076461, 0.441239, -0.548092)
bind/30/name = &"BackHoof_r"
bind/30/bone = -1
bind/30/pose = Transform3D(-0.944532, 1.60762e-09, 0.328419, -5.4901e-08, -1, -8.34562e-08, 0.328418, -1.23912e-08, 0.944532, -0.0116258, 0.110574, 0.556362)
bind/31/name = &"Hip_l"
bind/31/bone = -1
bind/31/pose = Transform3D(-0.419396, -0.7126, -0.562413, 0.639371, -0.671671, 0.374249, -0.644447, -0.202632, 0.737312, 0.575814, 0.933629, 0.551545)
bind/32/name = &"Thigh_l"
bind/32/bone = -1
bind/32/pose = Transform3D(0.885561, -0.368268, 0.283126, -0.181951, -0.83579, -0.518024, 0.427405, 0.407227, -0.80715, 0.140767, 0.625991, -0.683748)
bind/33/name = &"BackLeg_l"
bind/33/bone = -1
bind/33/pose = Transform3D(0.936347, 0.0604846, 0.345828, 0.0339935, -0.996039, 0.0821662, 0.349428, -0.0651803, -0.934694, -0.00764617, 0.441239, -0.548092)
bind/34/name = &"BackHoof_l"
bind/34/bone = -1
bind/34/pose = Transform3D(-0.944532, -5.35874e-10, -0.328419, 1.39601e-07, -1, -1.56551e-07, -0.328419, -4.13039e-09, 0.944532, 0.0116258, 0.110574, 0.556362)
bind/35/name = &"FrontKnee_r"
bind/35/bone = -1
bind/35/pose = Transform3D(0.311838, -0.950135, 1.36309e-08, -4.37114e-08, 0, 1, -0.950135, -0.311838, -4.15317e-08, 0.447605, -0.632402, -0.0214984)
bind/36/name = &"FrontKnee_l"
bind/36/bone = -1
bind/36/pose = Transform3D(0.311838, 0.950135, 1.36309e-08, -4.37114e-08, 0, 1, 0.950135, -0.311838, 4.15317e-08, -0.447605, -0.632402, -0.0214985)
bind/37/name = &"BackKnee_r"
bind/37/bone = -1
bind/37/pose = Transform3D(0.851626, 0.524151, 3.72257e-08, 4.37114e-08, 0, -1, -0.524151, 0.851626, -2.29114e-08, -0.0554514, -0.623918, -0.440527)
bind/38/name = &"BackKnee_l"
bind/38/bone = -1
bind/38/pose = Transform3D(0.851626, -0.524151, 3.72257e-08, 4.37114e-08, 0, -1, 0.524151, 0.851626, 2.29114e-08, 0.0554515, -0.623918, -0.440527)
bind/39/name = &"FrontIK_r"
bind/39/bone = -1
bind/39/pose = Transform3D(0.0649897, 0.997886, 2.84079e-09, 5.14588e-08, 1.18957e-07, -1, -0.997886, 0.0649897, -4.3619e-08, -0.11344, 0.490971, -0.15862)
bind/40/name = &"FrontIK_l"
bind/40/bone = -1
bind/40/pose = Transform3D(0.0649896, -0.997886, 2.84079e-09, 5.14588e-08, -1.18957e-07, -1, 0.997886, 0.0649896, 4.3619e-08, 0.11344, 0.490971, -0.15862)
bind/41/name = &"BackIK_r"
bind/41/bone = -1
bind/41/pose = Transform3D(0.925483, -0.378789, -5.82845e-08, -4.73488e-08, 4.51552e-08, 1, -0.378789, -0.925483, 2.38551e-08, 0.221151, 0.521684, 0.0289631)
bind/42/name = &"BackIK_l"
bind/42/bone = -1
bind/42/pose = Transform3D(0.925483, 0.378789, -5.82845e-08, -4.73488e-08, -4.51552e-08, 1, 0.378789, -0.925483, -2.38551e-08, -0.221151, 0.521684, 0.0289631)
bind/43/name = &"HeadIK"
bind/43/bone = -1
bind/43/pose = Transform3D(-7.54979e-08, -1, 9.00307e-16, 1.19249e-08, -3.0954e-15, 1, -1, 7.54979e-08, 1.19249e-08, 1.10329, -1.53979, -2.47407e-07)

[sub_resource type="BoxShape3D" id="BoxShape3D_i1iel"]
size = Vector3(0.25, 0.5, 1)

[sub_resource type="CapsuleShape3D" id="CapsuleShape3D_0s04w"]
radius = 0.0110305
height = 0.110305

[sub_resource type="CapsuleShape3D" id="CapsuleShape3D_8okdu"]
radius = 0.075
height = 0.3

[sub_resource type="CapsuleShape3D" id="CapsuleShape3D_12o4u"]
radius = 0.0110305
height = 0.110305

[sub_resource type="CapsuleShape3D" id="CapsuleShape3D_7d4c1"]
radius = 0.075
height = 0.3

[sub_resource type="CapsuleShape3D" id="CapsuleShape3D_vmav7"]
radius = 0.047114
height = 0.47114

[sub_resource type="CapsuleShape3D" id="CapsuleShape3D_dvrux"]
radius = 0.0113867
height = 0.113867

[sub_resource type="CapsuleShape3D" id="CapsuleShape3D_2mq0a"]
radius = 0.0154487
height = 0.154487

[sub_resource type="CapsuleShape3D" id="CapsuleShape3D_y3wed"]
radius = 0.018404
height = 0.18404

[sub_resource type="CapsuleShape3D" id="CapsuleShape3D_2l0gg"]
radius = 0.0159159
height = 0.159159

[sub_resource type="Animation" id="Animation_8r2rh"]
resource_name = "cowDeath30fps(1-48)"
length = 1.13333
step = 0.0333333
tracks/0/type = "position_3d"
tracks/0/imported = true
tracks/0/enabled = true
tracks/0/path = NodePath("CowBones/Skeleton3D:Base")
tracks/0/interp = 1
tracks/0/loop_wrap = true
tracks/0/keys = PackedFloat32Array(0, 1, -0.394217, 0.886025, 1.34533e-07, 0.0333333, 1, -0.371719, 0.896158, 1.36148e-07, 0.1, 1, -0.321462, 0.922093, 1.39556e-07, 0.133333, 1, -0.300714, 0.9358, 1.27843e-07, 0.166667, 1, -0.29292, 0.956397, 1.27368e-07, 0.2, 1, -0.296817, 0.980577, 1.25517e-07, 0.233333, 1, -0.300713, 0.99222, 1.27843e-07, 0.266667, 1, -0.306453, 0.98413, 1.27764e-07, 0.3, 1, -0.315111, 0.966495, 1.27975e-07, 0.333333, 1, -0.313848, 0.949263, 1.28417e-07, 0.366667, 1, -0.296539, 0.938383, 0.002163, 0.4, 1, -0.271019, 0.933651, 0.00685956, 0.433333, 1, -0.245391, 0.9358, 0.0114018, 0.466667, 1, -0.225097, 0.942711, 0.016424, 0.5, 1, -0.20492, 0.940868, 0.0358501, 0.533333, 1, -0.176981, 0.913909, 0.0869265, 0.566667, 1, -0.14548, 0.845143, 0.179016, 0.6, 1, -0.123039, 0.747143, 0.289947, 0.633333, 1, -0.114411, 0.647435, 0.389664, 0.666667, 1, -0.121282, 0.568018, 0.455338, 0.7, 1, -0.13308, 0.508784, 0.493044, 0.733333, 1, -0.136162, 0.464096, 0.516085, 0.766667, 1, -0.124119, 0.426323, 0.536298, 0.8, 1, -0.103806, 0.391839, 0.559663, 0.833333, 1, -0.081484, 0.361018, 0.590698, 0.866667, 1, -0.0626817, 0.334794, 0.630587, 0.9, 1, -0.0500159, 0.316329, 0.667184, 0.933333, 1, -0.0453744, 0.309347, 0.685012, 0.966667, 1, -0.0453744, 0.309347, 0.687323, 1.13333, 1, -0.0453744, 0.309347, 0.688296)
tracks/1/type = "rotation_3d"
tracks/1/imported = true
tracks/1/enabled = true
tracks/1/path = NodePath("CowBones/Skeleton3D:Base")
tracks/1/interp = 1
tracks/1/loop_wrap = true
tracks/1/keys = PackedFloat32Array(0, 1, -4.45756e-08, -3.71855e-08, 0.321028, 0.94707, 0.133333, 1, -4.45756e-08, -3.71855e-08, 0.321028, 0.94707, 0.166667, 1, -0.0130855, 0.00443553, 0.320998, 0.946979, 0.2, 1, -0.037387, 0.012673, 0.320778, 0.946331, 0.233333, 1, -0.0504587, 0.0171039, 0.320572, 0.945725, 0.266667, 1, -0.0360261, 0.00310866, 0.329601, 0.943428, 0.3, 1, -0.00535973, -0.0216198, 0.345969, 0.937981, 0.333333, 1, 0.0223819, -0.031099, 0.354491, 0.934274, 0.366667, 1, 0.0383696, -0.0244208, 0.345697, 0.937243, 0.4, 1, 0.0471966, -0.0190933, 0.329388, 0.942821, 0.433333, 1, 0.0499032, -0.0169158, 0.320582, 0.945754, 0.533333, 1, 0.0499032, -0.0169158, 0.320582, 0.945754, 0.566667, 1, 0.123298, -0.0289442, 0.317902, 0.939627, 0.6, 1, 0.270547, -0.0549427, 0.307004, 0.910788, 0.633333, 1, 0.380038, -0.0796116, 0.293769, 0.87346, 0.666667, 1, 0.419116, -0.0924711, 0.288001, 0.856065, 0.7, 1, 0.432525, -0.0965672, 0.286615, 0.849382, 0.733333, 1, 0.439303, -0.0996587, 0.287587, 0.845207, 0.766667, 1, 0.45413, -0.107748, 0.289556, 0.835652, 0.8, 1, 0.476987, -0.120393, 0.29212, 0.820155, 0.833333, 1, 0.504176, -0.135509, 0.29434, 0.800505, 0.866667, 1, 0.532141, -0.151018, 0.29541, 0.778943, 0.9, 1, 0.557667, -0.16494, 0.294728, 0.758246, 0.933333, 1, 0.577977, -0.175447, 0.291888, 0.741594, 0.966667, 1, 0.591238, -0.18138, 0.288664, 0.730898, 1, 1, 0.598261, -0.183804, 0.286916, 0.725244, 1.03333, 1, 0.600341, -0.184274, 0.286397, 0.723609, 1.13333, 1, 0.600341, -0.184274, 0.286397, 0.723609)
tracks/2/type = "rotation_3d"
tracks/2/imported = true
tracks/2/enabled = true
tracks/2/path = NodePath("CowBones/Skeleton3D:SpineBase")
tracks/2/interp = 1
tracks/2/loop_wrap = true
tracks/2/keys = PackedFloat32Array(0, 1, -1.28383e-07, -9.3265e-09, -0.90483, 0.425772, 0.0333333, 1, -1.28376e-07, -9.55178e-09, -0.905555, 0.424228, 0.1, 1, -1.28359e-07, -1.00692e-08, -0.907211, 0.420676, 0.133333, 1, -1.29859e-07, -8.05441e-09, -0.907932, 0.419118, 0.166667, 1, -1.29993e-07, -7.60543e-09, -0.908623, 0.417618, 0.2, 1, -1.29316e-07, -1.0598e-08, -0.910071, 0.414452, 0.233333, 1, -1.33353e-07, -7.55531e-09, -0.913208, 0.407493, 0.266667, 1, -1.28201e-07, -6.85999e-09, -0.918276, 0.395941, 0.3, 1, -1.3132e-07, -9.61354e-09, -0.923133, 0.384482, 0.333333, 1, -1.37303e-07, -2.93622e-09, -0.925281, 0.379282, 0.366667, 1, -1.36139e-07, -1.25572e-09, -0.922235, 0.386631, 0.4, 1, -1.37462e-07, -1.21491e-09, -0.916421, 0.400215, 0.433333, 1, -1.33131e-07, -8.22912e-09, -0.913208, 0.407493, 0.466667, 1, 0.00123046, -0.00157333, -0.913273, 0.407343, 0.5, 1, 0.00442138, -0.00532345, -0.913376, 0.407058, 0.533333, 1, 0.00882181, -0.00979608, -0.913385, 0.406883, 0.566667, 1, 0.0137428, -0.0138788, -0.910039, 0.414063, 0.6, 1, 0.0187372, -0.0178232, -0.903718, 0.427347, 0.633333, 1, 0.0234222, -0.0222261, -0.900133, 0.434416, 0.666667, 1, 0.0275082, -0.0274787, -0.901177, 0.431704, 0.7, 1, 0.0310492, -0.0331232, -0.903836, 0.425463, 0.733333, 1, 0.0341894, -0.0384937, -0.906856, 0.418284, 0.766667, 1, 0.0370374, -0.0430434, -0.909268, 0.41232, 0.8, 1, 0.0395511, -0.0466916, -0.91099, 0.407863, 0.833333, 1, 0.0416493, -0.0494723, -0.912147, 0.404729, 0.866667, 1, 0.0432503, -0.0514188, -0.91285, 0.402729, 0.9, 1, 0.0442718, -0.0525633, -0.913202, 0.401671, 1.13333, 1, 0.0446307, -0.0529378, -0.913298, 0.401362)
tracks/3/type = "rotation_3d"
tracks/3/imported = true
tracks/3/enabled = true
tracks/3/path = NodePath("CowBones/Skeleton3D:SpineMid")
tracks/3/interp = 1
tracks/3/loop_wrap = true
tracks/3/keys = PackedFloat32Array(0, 1, 0.0350517, -0.122186, 0.265651, 0.955652, 0.0666667, 1, 0.0357117, -0.121912, 0.265738, 0.955639, 0.1, 1, 0.0373581, -0.121208, 0.265937, 0.95561, 0.166667, 1, 0.0416101, -0.119224, 0.266304, 0.955582, 0.2, 1, 0.0432158, -0.1183, 0.26629, 0.955629, 0.266667, 1, 0.0437339, -0.117211, 0.265531, 0.955951, 0.3, 1, 0.0436755, -0.116747, 0.264865, 0.956195, 0.333333, 1, 0.0436387, -0.116283, 0.264005, 0.956491, 0.366667, 1, 0.0436289, -0.115834, 0.262924, 0.956844, 0.4, 1, 0.0436517, -0.115415, 0.261597, 0.957257, 0.433333, 1, 0.0437125, -0.115041, 0.259998, 0.957735, 0.466667, 1, 0.0426739, -0.115098, 0.257956, 0.958327, 0.5, 1, 0.0393362, -0.11599, 0.255287, 0.959077, 0.533333, 1, 0.0336106, -0.117757, 0.251946, 0.959962, 0.566667, 1, 0.0272015, -0.121332, 0.241588, 0.962379, 0.6, 1, 0.0225736, -0.125621, 0.226175, 0.965689, 0.633333, 1, 0.0207927, -0.127691, 0.218234, 0.967283, 0.666667, 1, 0.0222366, -0.126677, 0.22699, 0.965367, 0.7, 1, 0.0240224, -0.123661, 0.247029, 0.960785, 0.733333, 1, 0.0223398, -0.118716, 0.269087, 0.95551, 0.766667, 1, 0.0133495, -0.112466, 0.285691, 0.951606, 0.833333, 1, -0.0199104, -0.0996196, 0.302164, 0.947827, 0.866667, 1, -0.0371157, -0.0943153, 0.304632, 0.947062, 0.9, 1, -0.0500027, -0.0906406, 0.305073, 0.946686, 0.933333, 1, -0.055074, -0.0892671, 0.304906, 0.946589, 1.13333, 1, -0.055074, -0.0892671, 0.304906, 0.946589)
tracks/4/type = "rotation_3d"
tracks/4/imported = true
tracks/4/enabled = true
tracks/4/path = NodePath("CowBones/Skeleton3D:SpineUpper")
tracks/4/interp = 1
tracks/4/loop_wrap = true
tracks/4/keys = PackedFloat32Array(0, 1, -0.0540868, 0.116908, -0.377313, 0.917083, 0.0666667, 1, -0.0525572, 0.116417, -0.39442, 0.91001, 0.1, 1, -0.0519643, 0.116217, -0.400959, 0.907207, 0.133333, 1, -0.0517265, 0.116136, -0.403569, 0.906073, 0.166667, 1, -0.0507085, 0.116584, -0.395627, 0.909569, 0.2, 1, -0.0488076, 0.117392, -0.380796, 0.915877, 0.233333, 1, -0.0477788, 0.117815, -0.372769, 0.919174, 0.266667, 1, -0.0483339, 0.117588, -0.3771, 0.917405, 0.3, 1, -0.0497667, 0.116989, -0.388279, 0.91273, 0.333333, 1, -0.0517265, 0.116136, -0.403569, 0.906074, 0.366667, 1, -0.0538239, 0.115178, -0.419932, 0.898607, 0.4, 1, -0.0555083, 0.114376, -0.433074, 0.892347, 0.433333, 1, -0.0561987, 0.114039, -0.438461, 0.889713, 0.466667, 1, -0.0566122, 0.114126, -0.438378, 0.889716, 0.5, 1, -0.057775, 0.114374, -0.438139, 0.889728, 0.533333, 1, -0.0595718, 0.114756, -0.437765, 0.889744, 0.566667, 1, -0.0618872, 0.115248, -0.43728, 0.889761, 0.6, 1, -0.0646056, 0.115824, -0.436707, 0.889774, 0.633333, 1, -0.0676116, 0.116461, -0.436068, 0.889781, 0.666667, 1, -0.0707896, 0.117134, -0.435387, 0.889779, 0.7, 1, -0.0740242, 0.117817, -0.434689, 0.889767, 0.733333, 1, -0.0772, 0.118486, -0.433998, 0.889745, 0.766667, 1, -0.0802021, 0.119118, -0.43334, 0.889716, 0.8, 1, -0.0829153, 0.119689, -0.432742, 0.889682, 0.833333, 1, -0.085225, 0.120174, -0.43223, 0.889647, 0.866667, 1, -0.0870167, 0.120549, -0.43183, 0.889617, 0.9, 1, -0.0881757, 0.120792, -0.431571, 0.889596, 1.13333, 1, -0.0885875, 0.120878, -0.431479, 0.889588)
tracks/5/type = "rotation_3d"
tracks/5/imported = true
tracks/5/enabled = true
tracks/5/path = NodePath("CowBones/Skeleton3D:Neck")
tracks/5/interp = 1
tracks/5/loop_wrap = true
tracks/5/keys = PackedFloat32Array(0, 1, 0.00878712, 0.0025084, 0.205165, 0.978685, 0.0333333, 1, 0.00527948, 0.00136741, 0.223686, 0.974646, 0.0666667, 1, 0.00547706, 0.000940677, 0.253936, 0.967205, 0.1, 1, 0.0143033, 0.00179812, 0.304954, 0.952258, 0.133333, 1, 0.0342135, 0.00279176, 0.373019, 0.927188, 0.166667, 1, 0.0749675, 0.0126412, 0.405197, 0.911063, 0.2, 1, 0.127411, 0.0309806, 0.391493, 0.910791, 0.233333, 1, 0.146806, 0.03761, 0.41201, 0.898488, 0.266667, 1, 0.0465683, 0.0139483, 0.459954, 0.886611, 0.3, 1, -0.0867885, -0.0195094, 0.463036, 0.881864, 0.333333, 1, -0.114586, -0.0401143, 0.472987, 0.872665, 0.366667, 1, -0.0832821, -0.0411188, 0.50518, 0.858002, 0.4, 1, -0.0607783, -0.0382876, 0.523733, 0.848849, 0.433333, 1, -0.0366745, -0.0285895, 0.511679, 0.857917, 0.466667, 1, -0.0146021, -0.0168918, 0.475584, 0.879387, 0.5, 1, -0.0193534, -0.00854238, 0.454806, 0.890339, 0.533333, 1, -0.0655135, -0.0171542, 0.462353, 0.884106, 0.566667, 1, -0.132925, -0.0720705, 0.487235, 0.860081, 0.6, 1, -0.205051, -0.154324, 0.475007, 0.841728, 0.633333, 1, -0.276171, -0.197289, 0.430931, 0.836125, 0.666667, 1, -0.302451, -0.212003, 0.404654, 0.83656, 0.7, 1, -0.293762, -0.206657, 0.385567, 0.849903, 0.733333, 1, -0.269327, -0.180206, 0.355129, 0.876854, 0.766667, 1, -0.227051, -0.150895, 0.310232, 0.910733, 0.8, 1, -0.154276, -0.119166, 0.255759, 0.946882, 0.833333, 1, -0.0407651, -0.0797768, 0.1986, 0.975978, 0.866667, 1, 0.111455, -0.0330938, 0.138072, 0.983574, 0.9, 1, 0.254631, 0.00633954, 0.0980602, 0.962033, 0.933333, 1, 0.350873, 0.0372232, 0.100241, 0.930298, 0.966667, 1, 0.402323, 0.0453022, 0.127922, 0.905384, 1, 1, 0.423006, 0.0491922, 0.15835, 0.890826, 1.03333, 1, 0.426937, 0.0500448, 0.17273, 0.886219, 1.13333, 1, 0.426937, 0.0500448, 0.17273, 0.886219)
tracks/6/type = "rotation_3d"
tracks/6/imported = true
tracks/6/enabled = true
tracks/6/path = NodePath("CowBones/Skeleton3D:Head")
tracks/6/interp = 1
tracks/6/loop_wrap = true
tracks/6/keys = PackedFloat32Array(0, 1, -0.00369847, -0.000839929, -0.0580451, 0.998307, 0.0333333, 1, -0.00219273, -0.000494038, -0.0658863, 0.997825, 0.0666667, 1, -0.00145908, -0.000589475, -0.0937503, 0.995595, 0.1, 1, -0.00440379, -0.00164952, -0.15891, 0.987282, 0.133333, 1, -0.0154517, -0.00360989, -0.25628, 0.966472, 0.166667, 1, -0.0456305, -0.00157664, -0.331854, 0.942225, 0.2, 1, -0.0887923, 0.00225669, -0.360308, 0.928595, 0.233333, 1, -0.102563, 0.00611354, -0.392273, 0.914093, 0.266667, 1, -0.0135891, 0.00986487, -0.413982, 0.91013, 0.3, 1, 0.0916429, 0.0015404, -0.381878, 0.919657, 0.333333, 1, 0.103074, -0.0115839, -0.351201, 0.930537, 0.366667, 1, 0.0669124, -0.0227256, -0.335606, 0.939348, 0.4, 1, 0.031717, -0.027033, -0.311281, 0.949404, 0.433333, 1, -0.0134002, -0.0277296, -0.269252, 0.962577, 0.466667, 1, -0.0620573, -0.0237629, -0.215089, 0.974331, 0.5, 1, -0.0868356, -0.0175652, -0.184038, 0.978918, 0.533333, 1, -0.063465, -0.00179642, -0.177917, 0.981995, 0.566667, 1, -0.0104752, -0.0181031, -0.195299, 0.980521, 0.6, 1, 0.0403936, -0.0842443, -0.206145, 0.974051, 0.633333, 1, 0.0859849, -0.153476, -0.197459, 0.964397, 0.666667, 1, 0.0982224, -0.160787, -0.177234, 0.965965, 0.7, 1, 0.0872792, -0.142232, -0.149236, 0.974618, 0.733333, 1, 0.0694775, -0.125335, -0.114033, 0.983087, 0.766667, 1, 0.0554067, -0.105193, -0.0900117, 0.988819, 0.8, 1, 0.0412626, -0.0821435, -0.0830532, 0.992296, 0.833333, 1, 0.0131687, -0.0664654, -0.0873464, 0.993871, 0.866667, 1, -0.0422814, -0.0654322, -0.0776365, 0.993933, 0.9, 1, -0.0965204, -0.0696295, -0.0620251, 0.990953, 0.933333, 1, -0.130452, -0.0778958, -0.0483531, 0.987206, 0.966667, 1, -0.142056, -0.070345, -0.0342872, 0.98676, 1, 1, -0.134731, -0.0655226, -0.0245909, 0.988408, 1.03333, 1, -0.127828, -0.0642212, -0.0209077, 0.989494, 1.13333, 1, -0.127828, -0.0642212, -0.0209077, 0.989494)
tracks/7/type = "rotation_3d"
tracks/7/imported = true
tracks/7/enabled = true
tracks/7/path = NodePath("CowBones/Skeleton3D:EarBase_r")
tracks/7/interp = 1
tracks/7/loop_wrap = true
tracks/7/keys = PackedFloat32Array(0, 1, 0.707953, 0.584269, -0.05596, 0.392811, 0.0333333, 1, 0.716701, 0.574635, -0.0596221, 0.390615, 0.0666667, 1, 0.716329, 0.581599, -0.0802127, 0.37707, 0.1, 1, 0.713846, 0.589187, -0.095576, 0.366263, 0.133333, 1, 0.711925, 0.590471, -0.0928812, 0.368619, 0.166667, 1, 0.705841, 0.595345, -0.0852445, 0.374282, 0.2, 1, 0.709664, 0.583587, -0.0605358, 0.390049, 0.233333, 1, 0.722214, 0.554526, -0.0210772, 0.412873, 0.266667, 1, 0.729197, 0.535825, 0.00555869, 0.425597, 0.3, 1, 0.720108, 0.550998, -0.000754165, 0.421716, 0.333333, 1, 0.705958, 0.57678, -0.0249256, 0.410276, 0.366667, 1, 0.706204, 0.583173, -0.0459574, 0.39884, 0.4, 1, 0.713544, 0.583791, -0.0753836, 0.379948, 0.433333, 1, 0.734892, 0.565415, -0.0949548, 0.362248, 0.466667, 1, 0.761105, 0.524518, -0.0825489, 0.37254, 0.5, 1, 0.776927, 0.486105, -0.0618375, 0.395301, 0.533333, 1, 0.783068, 0.459552, -0.0503618, 0.41603, 0.566667, 1, 0.782107, 0.44435, -0.0427794, 0.434777, 0.6, 1, 0.773862, 0.457061, -0.0453377, 0.436094, 0.633333, 1, 0.755186, 0.503087, -0.0583969, 0.416157, 0.7, 1, 0.738064, 0.526838, -0.0149234, 0.421285, 0.733333, 1, 0.750763, 0.491179, 0.0282186, 0.440796, 0.766667, 1, 0.755836, 0.474266, 0.0514713, 0.448481, 0.8, 1, 0.736759, 0.5134, 0.0395577, 0.438225, 0.833333, 1, 0.677818, 0.598321, 0.00463924, 0.427262, 0.866667, 1, 0.648361, 0.624121, 0.0192741, 0.43558, 0.9, 1, 0.648814, 0.615818, 0.0528511, 0.443864, 0.933333, 1, 0.679818, 0.571185, 0.0991905, 0.449174, 0.966667, 1, 0.717521, 0.506356, 0.152236, 0.453421, 1, 1, 0.740896, 0.449545, 0.195528, 0.459076, 1.03333, 1, 0.759419, 0.393602, 0.227632, 0.465343, 1.06667, 1, 0.774893, 0.34239, 0.245041, 0.47145, 1.1, 1, 0.784547, 0.307292, 0.246756, 0.478716, 1.13333, 1, 0.788999, 0.289586, 0.236669, 0.48745)
tracks/8/type = "rotation_3d"
tracks/8/imported = true
tracks/8/enabled = true
tracks/8/path = NodePath("CowBones/Skeleton3D:Ear_Upper_r")
tracks/8/interp = 1
tracks/8/loop_wrap = true
tracks/8/keys = PackedFloat32Array(0, 1, 0.0652452, -0.0967588, -0.122939, 0.985529, 0.0333333, 1, 0.0724353, -0.100136, -0.116871, 0.985427, 0.0666667, 1, 0.0734124, -0.103113, -0.0992051, 0.986984, 0.1, 1, 0.0726737, -0.104501, -0.0894417, 0.987825, 0.133333, 1, 0.0742851, -0.103731, -0.0975418, 0.987019, 0.166667, 1, 0.0727219, -0.100932, -0.112034, 0.985887, 0.2, 1, 0.075314, -0.0980736, -0.13831, 0.982639, 0.233333, 1, 0.0791633, -0.0953019, -0.168256, 0.977927, 0.266667, 1, 0.0756478, -0.092534, -0.182478, 0.975918, 0.3, 1, 0.0679426, -0.0902016, -0.179555, 0.977245, 0.333333, 1, 0.060597, -0.0904683, -0.155785, 0.981771, 0.366667, 1, 0.0585182, -0.094533, -0.122072, 0.986275, 0.4, 1, 0.0629263, -0.101308, -0.0866357, 0.989076, 0.433333, 1, 0.0757529, -0.109593, -0.0714356, 0.988508, 0.466667, 1, 0.106204, -0.118404, -0.0862042, 0.983499, 0.5, 1, 0.140074, -0.125942, -0.111559, 0.975742, 0.533333, 1, 0.175156, -0.133399, -0.14157, 0.965134, 0.6, 1, 0.220906, -0.137795, -0.237864, 0.935753, 0.633333, 1, 0.206103, -0.125816, -0.287137, 0.926954, 0.666667, 1, 0.17497, -0.110352, -0.306034, 0.929275, 0.7, 1, 0.147272, -0.101118, -0.295617, 0.938454, 0.733333, 1, 0.125916, -0.0978886, -0.2685, 0.949985, 0.766667, 1, 0.101967, -0.0952004, -0.233663, 0.962259, 0.8, 1, 0.0637249, -0.0877703, -0.193955, 0.974996, 0.833333, 1, 0.0224289, -0.0764469, -0.150789, 0.98535, 0.866667, 1, 0.0024319, -0.0640897, -0.166716, 0.983917, 0.9, 1, -0.00817556, -0.0524698, -0.207206, 0.976855, 0.933333, 1, -0.0167018, -0.0457378, -0.237235, 0.970231, 0.966667, 1, -0.0307895, -0.0420183, -0.235437, 0.970493, 1, 1, -0.0461537, -0.0403978, -0.203889, 0.977071, 1.03333, 1, -0.0507501, -0.0433933, -0.164358, 0.984138, 1.06667, 1, -0.0414884, -0.0520199, -0.131417, 0.989092, 1.1, 1, -0.0226079, -0.063504, -0.111049, 0.991526, 1.13333, 1, 5.86333e-05, -0.0754769, -0.0979279, 0.992327)
tracks/9/type = "rotation_3d"
tracks/9/imported = true
tracks/9/enabled = true
tracks/9/path = NodePath("CowBones/Skeleton3D:EarLower_r")
tracks/9/interp = 1
tracks/9/loop_wrap = true
tracks/9/keys = PackedFloat32Array(0, 1, 0.0379305, 0.00816666, -0.203199, 0.978369, 0.0333333, 1, 0.0425791, 0.00712059, -0.20146, 0.978545, 0.0666667, 1, 0.03844, 0.00645414, -0.164486, 0.985609, 0.1, 1, 0.0342161, 0.00617862, -0.139882, 0.989558, 0.133333, 1, 0.0364688, 0.00629583, -0.151646, 0.987742, 0.166667, 1, 0.0375454, 0.00698386, -0.170926, 0.984544, 0.2, 1, 0.0452402, 0.00744121, -0.225071, 0.973263, 0.233333, 1, 0.0570901, 0.0077017, -0.302233, 0.951492, 0.266667, 1, 0.059571, 0.00829104, -0.344885, 0.936716, 0.3, 1, 0.0515847, 0.00922269, -0.325775, 0.943994, 0.333333, 1, 0.0409878, 0.0096718, -0.26434, 0.96351, 0.4, 1, 0.03099, 0.00726669, -0.145171, 0.988894, 0.433333, 1, 0.0339707, 0.00481654, -0.128679, 0.991093, 0.466667, 1, 0.0613801, 0.00139393, -0.187804, 0.980286, 0.5, 1, 0.0992006, -0.00214591, -0.26823, 0.958231, 0.533333, 1, 0.139247, -0.00593333, -0.343613, 0.928711, 0.566667, 1, 0.177269, -0.00949401, -0.424417, 0.887894, 0.6, 1, 0.190052, -0.0104093, -0.486185, 0.852875, 0.633333, 1, 0.168986, -0.00715738, -0.507668, 0.844787, 0.666667, 1, 0.138625, -0.00170829, -0.502915, 0.853145, 0.7, 1, 0.121112, 0.00206788, -0.506097, 0.853928, 0.733333, 1, 0.111182, 0.00387996, -0.508185, 0.854032, 0.766667, 1, 0.0937606, 0.00573971, -0.48097, 0.87169, 0.8, 1, 0.0553497, 0.00962581, -0.388741, 0.919633, 0.833333, 1, 0.0170948, 0.0145561, -0.245063, 0.969247, 0.866667, 1, 0.0052372, 0.0185526, -0.248889, 0.96834, 0.9, 1, 0.00021751, 0.0220176, -0.320603, 0.946958, 0.933333, 1, -0.004369, 0.0238117, -0.412361, 0.910699, 0.966667, 1, -0.0131525, 0.0250651, -0.480792, 0.876378, 1, 1, -0.0219325, 0.0263524, -0.501865, 0.864266, 1.03333, 1, -0.0207751, 0.0262102, -0.510643, 0.859142, 1.06667, 1, -0.00719682, 0.0237012, -0.522297, 0.852404, 1.1, 1, 0.0144994, 0.0197298, -0.532301, 0.846201, 1.13333, 1, 0.0387966, 0.0153721, -0.531595, 0.84597)
tracks/10/type = "rotation_3d"
tracks/10/imported = true
tracks/10/enabled = true
tracks/10/path = NodePath("CowBones/Skeleton3D:EarBase_l")
tracks/10/interp = 1
tracks/10/loop_wrap = true
tracks/10/keys = PackedFloat32Array(0, 1, -0.707953, -0.58427, -0.0559609, 0.39281, 0.0333333, 1, -0.717058, -0.57373, -0.058168, 0.391508, 0.0666667, 1, -0.718995, -0.576732, -0.0745192, 0.380623, 0.1, 1, -0.720039, -0.579454, -0.085423, 0.372129, 0.133333, 1, -0.720628, -0.577025, -0.0791591, 0.376128, 0.166667, 1, -0.710421, -0.58848, -0.0771455, 0.37821, 0.2, 1, -0.698481, -0.601026, -0.0741242, 0.38131, 0.233333, 1, -0.693501, -0.603493, -0.0646588, 0.388165, 0.266667, 1, -0.692863, -0.601784, -0.0565076, 0.393196, 0.3, 1, -0.69184, -0.599732, -0.0463102, 0.399419, 0.333333, 1, -0.693094, -0.598658, -0.0467179, 0.398808, 0.366667, 1, -0.705512, -0.586681, -0.0542282, 0.393849, 0.4, 1, -0.721222, -0.570368, -0.0638374, 0.387871, 0.433333, 1, -0.738763, -0.549097, -0.0659531, 0.385191, 0.466667, 1, -0.753107, -0.522846, -0.0500723, 0.396175, 0.5, 1, -0.758458, -0.509259, -0.0349434, 0.405186, 0.533333, 1, -0.758725, -0.505186, -0.022831, 0.410612, 0.566667, 1, -0.754121, -0.504161, -0.00438476, 0.420838, 0.6, 1, -0.74124, -0.506267, 0.0252463, 0.440023, 0.633333, 1, -0.724075, -0.505063, 0.0669529, 0.464912, 0.666667, 1, -0.72301, -0.492458, 0.100087, 0.47405, 0.7, 1, -0.740658, -0.470285, 0.109407, 0.467212, 0.733333, 1, -0.748813, -0.472916, 0.0812551, 0.457195, 0.766667, 1, -0.735986, -0.523823, 0.00719412, 0.428814, 0.8, 1, -0.726731, -0.560229, -0.0539504, 0.39382, 0.833333, 1, -0.74292, -0.528761, -0.0335426, 0.409092, 0.866667, 1, -0.750746, -0.503977, -0.00680381, 0.427015, 0.9, 1, -0.746118, -0.512292, -0.0080459, 0.425206, 0.933333, 1, -0.731047, -0.546399, -0.0372207, 0.40698, 0.966667, 1, -0.713395, -0.58032, -0.069181, 0.386665, 1, 1, -0.706182, -0.590456, -0.0730625, 0.383838, 1.03333, 1, -0.713583, -0.573685, -0.0440642, 0.399679, 1.06667, 1, -0.730377, -0.536979, 0.0055102, 0.422105, 1.1, 1, -0.74892, -0.490676, 0.0610585, 0.441167, 1.13333, 1, -0.762569, -0.449451, 0.10913, 0.452297)
tracks/11/type = "rotation_3d"
tracks/11/imported = true
tracks/11/enabled = true
tracks/11/path = NodePath("CowBones/Skeleton3D:Ear_Upper_l")
tracks/11/interp = 1
tracks/11/loop_wrap = true
tracks/11/keys = PackedFloat32Array(0, 1, -0.0652448, 0.0967587, -0.122938, 0.985529, 0.0333333, 1, -0.0720005, 0.100011, -0.116697, 0.985493, 0.0666667, 1, -0.0719453, 0.102985, -0.0966621, 0.987357, 0.1, 1, -0.0675981, 0.104434, -0.079135, 0.989071, 0.133333, 1, -0.0636411, 0.103569, -0.0756384, 0.989698, 0.166667, 1, -0.0526538, 0.100319, -0.0705012, 0.991057, 0.2, 1, -0.0417739, 0.0967113, -0.0674733, 0.992144, 0.233333, 1, -0.0384263, 0.094088, -0.075463, 0.991956, 0.266667, 1, -0.0398817, 0.092581, -0.0893376, 0.990887, 0.3, 1, -0.0397042, 0.0905799, -0.102604, 0.989794, 0.333333, 1, -0.0435755, 0.0908761, -0.110561, 0.988746, 0.366667, 1, -0.0598647, 0.0957092, -0.117195, 0.986672, 0.4, 1, -0.0765804, 0.10223, -0.112666, 0.985389, 0.433333, 1, -0.0871906, 0.107969, -0.101579, 0.9851, 0.466667, 1, -0.0939935, 0.111193, -0.095915, 0.984684, 0.5, 1, -0.0897003, 0.110921, -0.0881296, 0.985842, 0.533333, 1, -0.0746936, 0.108449, -0.0707155, 0.988766, 0.566667, 1, -0.0530286, 0.103572, -0.0508385, 0.991905, 0.6, 1, -0.0285011, 0.0949401, -0.0404089, 0.994254, 0.633333, 1, -0.0057775, 0.0828833, -0.0487824, 0.995348, 0.666667, 1, 0.00511895, 0.0745742, -0.0784915, 0.994108, 0.7, 1, -0.00681223, 0.0764635, -0.117517, 0.990099, 0.733333, 1, -0.0363228, 0.0858634, -0.136154, 0.986291, 0.766667, 1, -0.0610529, 0.0958128, -0.120078, 0.986242, 0.8, 1, -0.0752777, 0.102374, -0.108857, 0.985902, 0.833333, 1, -0.101043, 0.106005, -0.143503, 0.978754, 0.866667, 1, -0.112141, 0.105913, -0.169441, 0.973394, 0.9, 1, -0.111731, 0.103802, -0.184711, 0.970888, 0.933333, 1, -0.112872, 0.102228, -0.199492, 0.967994, 0.966667, 1, -0.118473, 0.101255, -0.221153, 0.962706, 1, 1, -0.127984, 0.099135, -0.258711, 0.952292, 1.03333, 1, -0.138343, 0.0947382, -0.312169, 0.935113, 1.06667, 1, -0.141855, 0.0881915, -0.361256, 0.917384, 1.1, 1, -0.136483, 0.0803896, -0.391042, 0.90664, 1.13333, 1, -0.126381, 0.071902, -0.405077, 0.902646)
tracks/12/type = "rotation_3d"
tracks/12/imported = true
tracks/12/enabled = true
tracks/12/path = NodePath("CowBones/Skeleton3D:EarLower_l")
tracks/12/interp = 1
tracks/12/loop_wrap = true
tracks/12/keys = PackedFloat32Array(0, 1, -0.03793, -0.00816638, -0.203196, 0.978369, 0.0333333, 1, -0.0425267, -0.00716365, -0.202309, 0.978372, 0.0666667, 1, -0.0383218, -0.00653149, -0.166028, 0.985354, 0.1, 1, -0.031695, -0.00636388, -0.134249, 0.99042, 0.133333, 1, -0.0297936, -0.00670474, -0.132171, 0.990756, 0.166667, 1, -0.0223663, -0.00785422, -0.116217, 0.992941, 0.2, 1, -0.0156846, -0.00906984, -0.102875, 0.994529, 0.233333, 1, -0.0154371, -0.00981129, -0.115295, 0.993163, 0.266667, 1, -0.0181557, -0.0101111, -0.13919, 0.990048, 0.3, 1, -0.0201859, -0.0105725, -0.162712, 0.98641, 0.333333, 1, -0.0230576, -0.0103528, -0.175232, 0.984203, 0.366667, 1, -0.0339627, -0.00862262, -0.193195, 0.980534, 0.4, 1, -0.0447324, -0.00648502, -0.197678, 0.979224, 0.433333, 1, -0.0514014, -0.00472789, -0.196893, 0.979065, 0.466667, 1, -0.0607657, -0.00361003, -0.215111, 0.974691, 0.5, 1, -0.0603914, -0.00379574, -0.218366, 0.973989, 0.533333, 1, -0.0494316, -0.00498642, -0.195683, 0.979408, 0.566667, 1, -0.0349578, -0.00700216, -0.166589, 0.985382, 0.6, 1, -0.0220145, -0.0100853, -0.150869, 0.988257, 0.633333, 1, -0.0139166, -0.0140605, -0.175229, 0.984329, 0.666667, 1, -0.0109667, -0.0165301, -0.247881, 0.968587, 0.7, 1, -0.0201815, -0.0151682, -0.336661, 0.941288, 0.733333, 1, -0.0404228, -0.0114224, -0.356184, 0.933471, 0.766667, 1, -0.0473782, -0.00838889, -0.266241, 0.962705, 0.8, 1, -0.0455, -0.00648418, -0.202622, 0.978178, 0.833333, 1, -0.0729808, -0.00440491, -0.286599, 0.955257, 0.866667, 1, -0.0906335, -0.00368538, -0.353425, 0.931055, 0.9, 1, -0.0897778, -0.00413056, -0.366737, 0.925974, 0.933333, 1, -0.0833686, -0.0045295, -0.349894, 0.933061, 0.966667, 1, -0.0808336, -0.00447379, -0.343713, 0.935579, 1, 1, -0.0888083, -0.0042375, -0.387034, 0.917769, 1.03333, 1, -0.104941, -0.00411685, -0.481792, 0.869969, 1.06667, 1, -0.119195, -0.00457395, -0.592027, 0.797042, 1.1, 1, -0.124957, -0.00599452, -0.682427, 0.720169, 1.13333, 1, -0.123076, -0.00845977, -0.743492, 0.657267)
tracks/13/type = "position_3d"
tracks/13/imported = true
tracks/13/enabled = true
tracks/13/path = NodePath("CowBones/Skeleton3D:Chest")
tracks/13/interp = 1
tracks/13/loop_wrap = true
tracks/13/keys = PackedFloat32Array(0, 1, 0.126246, 0.109179, -2.53261e-07)
tracks/14/type = "rotation_3d"
tracks/14/imported = true
tracks/14/enabled = true
tracks/14/path = NodePath("CowBones/Skeleton3D:Chest")
tracks/14/interp = 1
tracks/14/loop_wrap = true
tracks/14/keys = PackedFloat32Array(0, 1, 0.000644994, -0.000983279, -0.835598, 0.549341, 0.0333333, 1, 0.00126288, -0.00192316, -0.835596, 0.54934, 0.0666667, 1, 0.000962209, -0.00146581, -0.835597, 0.54934, 0.1, 1, 0.00174921, -0.0026629, -0.835594, 0.549338, 0.133333, 1, 0.00217105, -0.00327787, -0.837787, 0.545983, 0.166667, 1, 0.0101599, -0.0146144, -0.856137, 0.516443, 0.2, 1, 0.0214264, -0.0312701, -0.847265, 0.529815, 0.233333, 1, 0.013479, -0.0488078, -0.858435, 0.510417, 0.266667, 1, 0.0118832, -0.0161567, -0.885745, 0.463739, 0.3, 1, -0.0182295, 0.0253028, -0.886951, 0.460809, 0.333333, 1, -0.0341061, 0.0457166, -0.890157, 0.452069, 0.366667, 1, -0.0349905, 0.0449094, -0.906372, 0.418627, 0.4, 1, -0.0323638, 0.0401536, -0.915747, 0.398431, 0.433333, 1, -0.0228749, 0.0280216, -0.911039, 0.41073, 0.466667, 1, -0.0120592, 0.0150345, -0.893893, 0.447866, 0.5, 1, -0.0065942, 0.00878851, -0.883276, 0.468725, 0.533333, 1, -0.0152689, 0.0209428, -0.886792, 0.461442, 0.566667, 1, -0.0495172, 0.078639, -0.893623, 0.439091, 0.6, 1, -0.0350338, 0.187504, -0.87481, 0.445335, 0.633333, 1, 0.00342491, 0.260141, -0.840215, 0.475767, 0.666667, 1, 0.0175657, 0.285942, -0.822438, 0.491452, 0.7, 1, 0.00639419, 0.278379, -0.822684, 0.495635, 0.733333, 1, -0.00598919, 0.243204, -0.825218, 0.509737, 0.766667, 1, -0.0319466, 0.194716, -0.827186, 0.526145, 0.8, 1, -0.0760257, 0.122345, -0.827179, 0.543164, 0.833333, 1, -0.0475305, 0.0722961, -0.832465, 0.547281, 0.866667, 1, -0.00133446, 0.00202775, -0.835596, 0.54934, 0.9, 1, -0.0530389, -0.12652, -0.813878, 0.564609, 0.933333, 1, -0.82352, -0.542237, 0.0461822, 0.160193, 0.966667, 1, -0.840689, -0.531816, 0.0132713, 0.101183, 1, 1, -0.85456, -0.514717, -0.00948699, 0.0685874, 1.03333, 1, -0.860777, -0.505271, -0.0179723, 0.0586674, 1.13333, 1, -0.860777, -0.505271, -0.0179723, 0.0586674)
tracks/15/type = "rotation_3d"
tracks/15/imported = true
tracks/15/enabled = true
tracks/15/path = NodePath("CowBones/Skeleton3D:Shoulder_r")
tracks/15/interp = 1
tracks/15/loop_wrap = true
tracks/15/keys = PackedFloat32Array(0, 1, 0.121367, -0.334765, -0.715649, 0.600874, 0.0333333, 1, 0.0984502, -0.342156, -0.705391, 0.612912, 0.0666667, 1, 0.0710888, -0.350575, -0.692429, 0.626567, 0.1, 1, 0.0421749, -0.359, -0.677894, 0.640156, 0.133333, 1, 0.0146771, -0.366564, -0.663281, 0.652284, 0.166667, 1, -0.00845761, -0.372591, -0.65039, 0.661889, 0.2, 1, -0.0243736, -0.37656, -0.641206, 0.66818, 0.233333, 1, -0.0302945, -0.377999, -0.637723, 0.670454, 0.266667, 1, -0.0254236, -0.375782, -0.64217, 0.667652, 0.3, 1, -0.0129734, -0.370435, -0.652999, 0.660457, 0.366667, 1, 0.021582, -0.358368, -0.678913, 0.640456, 0.4, 1, 0.0370909, -0.356054, -0.687198, 0.632146, 0.433333, 1, 0.0470653, -0.359385, -0.688315, 0.628371, 0.466667, 1, 0.0568116, -0.376633, -0.680777, 0.625669, 0.5, 1, 0.0713123, -0.409034, -0.666404, 0.619283, 0.533333, 1, 0.0867859, -0.448379, -0.647464, 0.610094, 0.566667, 1, 0.0994597, -0.48677, -0.627191, 0.599829, 0.6, 1, 0.10574, -0.517092, -0.60985, 0.5912, 0.633333, 1, 0.102223, -0.53301, -0.600248, 0.587498, 0.666667, 1, 0.0931867, -0.538808, -0.595843, 0.588195, 0.7, 1, 0.0851423, -0.543046, -0.591026, 0.590372, 0.733333, 1, 0.0780192, -0.545955, -0.58596, 0.593715, 0.766667, 1, 0.0717421, -0.547761, -0.580795, 0.597903, 0.8, 1, 0.0662327, -0.548693, -0.575682, 0.60261, 0.833333, 1, 0.0614107, -0.548981, -0.570769, 0.607512, 0.866667, 1, 0.0571941, -0.548857, -0.566205, 0.612288, 0.9, 1, 0.0535, -0.548556, -0.562141, 0.616622, 0.933333, 1, 0.0502449, -0.548314, -0.558729, 0.620201, 0.966667, 1, 0.0473673, -0.548317, -0.556079, 0.622801, 1, 1, 0.0448964, -0.548529, -0.554138, 0.624525, 1.03333, 1, 0.0428838, -0.54886, -0.552806, 0.625556, 1.06667, 1, 0.0413815, -0.549215, -0.551981, 0.626073, 1.1, 1, 0.0404418, -0.549498, -0.551563, 0.626254, 1.13333, 1, 0.0401169, -0.549615, -0.551446, 0.626276)
tracks/16/type = "rotation_3d"
tracks/16/imported = true
tracks/16/enabled = true
tracks/16/path = NodePath("CowBones/Skeleton3D:ForeArm_r")
tracks/16/interp = 1
