[gd_scene load_steps=23 format=2]

[ext_resource path="res://Assets/Cactus/10436_Cactus_v1_max2010_it2.obj" type="ArrayMesh" id=1]
[ext_resource path="res://cactusSceneNoBase.tscn" type="PackedScene" id=2]
[ext_resource path="res://cactusSceneGreenTest.tscn" type="PackedScene" id=3]
[ext_resource path="res://cactusSceneColor.tscn" type="PackedScene" id=4]
[ext_resource path="res://empress of bostonia.png" type="Texture" id=5]
[ext_resource path="res://FPSCounter.gd" type="Script" id=6]
[ext_resource path="res://Assets/Ball.tscn" type="PackedScene" id=7]

[sub_resource type="VisualShaderNodeInput" id=6]
output_port_for_preview = 0
input_name = "uv"

[sub_resource type="VisualShaderNodeScalarUniform" id=7]
uniform_name = "Pizelisation"
hint = 2
min = 256.0
max = 512.0
step = 2.0
default_value_enabled = true
default_value = 256.0

[sub_resource type="VisualShaderNodeVectorFunc" id=9]
output_port_for_preview = 0
function = 19

[sub_resource type="VisualShaderNodeVectorOp" id=10]
output_port_for_preview = 0
operator = 3

[sub_resource type="VisualShaderNodeTexture" id=11]
output_port_for_preview = 0
source = 1
texture = ExtResource( 5 )

[sub_resource type="VisualShaderNodeVectorOp" id=14]
output_port_for_preview = 0
operator = 2

[sub_resource type="VisualShader" id=12]
code = "shader_type canvas_item;
uniform float Pizelisation : hint_range(256, 512, 2) = 256;



void vertex() {
// Output:0

}

void fragment() {
// Input:2
	vec3 n_out2p0 = vec3(UV, 0.0);

// ScalarUniform:4
	float n_out4p0 = Pizelisation;

// VectorOp:9
	vec3 n_out9p0 = n_out2p0 * vec3(n_out4p0);

// VectorFunc:6
	vec3 n_out6p0 = floor(n_out9p0);

// VectorOp:7
	vec3 n_out7p0 = n_out6p0 / vec3(n_out4p0);

// Texture:8
	vec3 n_out8p0;
	float n_out8p1;
	{
		vec4 _tex_read = textureLod(SCREEN_TEXTURE, n_out7p0.xy, 0.0);
		n_out8p0 = _tex_read.rgb;
		n_out8p1 = _tex_read.a;
	}

// Output:0
	COLOR.rgb = n_out8p0;

}

void light() {
// Output:0

}
"
graph_offset = Vector2( -588.538, 61.7935 )
mode = 1
flags/light_only = false
nodes/fragment/0/position = Vector2( 940, 100 )
nodes/fragment/2/node = SubResource( 6 )
nodes/fragment/2/position = Vector2( -80, 100 )
nodes/fragment/4/node = SubResource( 7 )
nodes/fragment/4/position = Vector2( -200, 300 )
nodes/fragment/6/node = SubResource( 9 )
nodes/fragment/6/position = Vector2( 320, 100 )
nodes/fragment/7/node = SubResource( 10 )
nodes/fragment/7/position = Vector2( 540, 80 )
nodes/fragment/8/node = SubResource( 11 )
nodes/fragment/8/position = Vector2( 740, 80 )
nodes/fragment/9/node = SubResource( 14 )
nodes/fragment/9/position = Vector2( 120, 80 )
nodes/fragment/connections = PoolIntArray( 6, 0, 7, 0, 4, 0, 7, 1, 7, 0, 8, 0, 4, 0, 9, 1, 9, 0, 6, 0, 8, 0, 0, 0, 2, 0, 9, 0 )

[sub_resource type="ShaderMaterial" id=13]
shader = SubResource( 12 )
shader_param/Pizelisation = 512.0

[sub_resource type="BoxShape" id=1]

[sub_resource type="CubeMesh" id=2]

[sub_resource type="BoxShape" id=15]
extents = Vector3( 15, 0.05, 15 )

[sub_resource type="CubeMesh" id=16]
size = Vector3( 30, 0.1, 30 )

[sub_resource type="Skin" id=17]

[sub_resource type="ProceduralSky" id=18]
radiance_size = 0
sky_top_color = Color( 1, 0.788235, 0.223529, 1 )
sky_horizon_color = Color( 0.635294, 0.219608, 0.176471, 1 )

[sub_resource type="Environment" id=19]
background_mode = 2
background_sky = SubResource( 18 )

[node name="Level" type="Spatial"]

[node name="FPS Counter" type="Label" parent="."]
margin_top = 0.00012207
margin_right = 40.0
margin_bottom = 14.0001
text = "FPS: "
script = ExtResource( 6 )

[node name="Sprite" type="Sprite" parent="."]
visible = false
material = SubResource( 13 )
position = Vector2( 0, 720 )
scale = Vector2( 1.42222, -0.800333 )
z_index = -1
texture = ExtResource( 5 )
centered = false

[node name="Box" type="RigidBody" parent="."]
transform = Transform( 0.887019, 0.412126, -0.208207, -0.461733, 0.791719, -0.399978, 0, 0.450924, 0.892562, 0, 128.291, 0 )

[node name="CollisionShape" type="CollisionShape" parent="Box"]
shape = SubResource( 1 )

[node name="MeshInstance" type="MeshInstance" parent="Box"]
mesh = SubResource( 2 )

[node name="Box2" type="RigidBody" parent="."]
transform = Transform( 0.331454, -0.829889, 0.4488, -0.449242, 0.279478, 0.848571, -0.82965, -0.482882, -0.280187, 0, 134.133, 0 )

[node name="CollisionShape" type="CollisionShape" parent="Box2"]
shape = SubResource( 1 )

[node name="MeshInstance" type="MeshInstance" parent="Box2"]
mesh = SubResource( 2 )

[node name="Box3" type="RigidBody" parent="."]
transform = Transform( 0.996828, -0.0342426, -0.0718482, 0.0793445, 0.498524, 0.863237, 0.0062587, -0.866199, 0.49966, 0, 142.557, 0 )

[node name="CollisionShape" type="CollisionShape" parent="Box3"]
shape = SubResource( 1 )

[node name="MeshInstance" type="MeshInstance" parent="Box3"]
mesh = SubResource( 2 )

[node name="Cactus" type="MeshInstance" parent="."]
transform = Transform( 0.0170801, -0.0104053, 1.24082e-10, 0, 2.38498e-10, 0.02, -0.0104053, -0.0170801, 2.03678e-10, -3.99982, 0, 6.69969 )
mesh = ExtResource( 1 )

[node name="DirectionalLight" type="DirectionalLight" parent="."]
transform = Transform( 1.10681e-07, 0.766044, 0.642788, -5.61943e-08, -0.642788, 0.766044, 1, -1.20908e-07, -2.80971e-08, 0, 0, 0 )
light_color = Color( 1, 0.784314, 0.588235, 1 )
light_bake_mode = 2
shadow_enabled = true
shadow_color = Color( 0.196078, 0.0588235, 0.196078, 1 )
shadow_bias = 0.0

[node name="cactusScene3" parent="." instance=ExtResource( 4 )]
transform = Transform( 2, 0, 0, 0, 2, 0, 0, 0, 2, -5.30052, -0.420078, -0.411954 )

[node name="cactusScene2" parent="." instance=ExtResource( 3 )]
transform = Transform( 2, 0, 0, 0, 2, 0, 0, 0, 2, 5.21648, -0.311238, -0.182909 )

[node name="cactusScene" parent="." instance=ExtResource( 2 )]
transform = Transform( 2, 0, 0, 0, 2, 0, 0, 0, 2, 5.34369, -0.556426, 6.46729 )

[node name="Ball" parent="." instance=ExtResource( 7 )]
transform = Transform( 1, 0, 0, 0, 1, 0, 0, 0, 1, 0, 5, 0 )

[node name="CamFollow" type="Spatial" parent="Ball"]
transform = Transform( 1, 0, 0, 0, 0.642788, 0.766044, 0, -0.766044, 0.642788, 0, 30, 20 )

[node name="Floor" type="StaticBody" parent="."]
transform = Transform( 0.707107, 0, 0.707107, 0, 1, 0, -0.707107, 0, 0.707107, 0, 0, 0 )

[node name="CollisionShape" type="CollisionShape" parent="Floor"]
shape = SubResource( 15 )

[node name="MeshInstance" type="MeshInstance" parent="Floor"]
mesh = SubResource( 16 )
skin = SubResource( 17 )

[node name="InterpolatedCamera" type="InterpolatedCamera" parent="."]
transform = Transform( 1, 0, 0, 0, 0.642788, 0.766044, 0, -0.766044, 0.642788, 0, 35, 20 )
environment = SubResource( 19 )
projection = 1
size = 30.0
target = NodePath("../Ball/CamFollow")
enabled = true
