[gd_scene load_steps=8 format=2]

[ext_resource path="res://Scripts/FPSCounter.gd" type="Script" id=6]
[ext_resource path="res://Assets/Ball.tscn" type="PackedScene" id=7]

[sub_resource type="BoxShape" id=15]
extents = Vector3( 15, 0.05, 15 )

[sub_resource type="CubeMesh" id=16]
size = Vector3( 30, 0.1, 30 )

[sub_resource type="Skin" id=17]

[sub_resource type="ProceduralSky" id=18]
radiance_size = 0
sky_top_color = Color( 1, 0.788235, 0.223529, 1 )
sky_horizon_color = Color( 0.635294, 0.219608, 0.176471, 1 )

[sub_resource type="Environment" id=19]
background_mode = 2
background_sky = SubResource( 18 )

[node name="Level" type="Spatial"]

[node name="FPS Counter" type="Label" parent="."]
margin_top = 0.00012207
margin_right = 40.0
margin_bottom = 14.0001
text = "FPS: "
script = ExtResource( 6 )

[node name="DirectionalLight" type="DirectionalLight" parent="."]
transform = Transform( 1.10681e-07, 0.766044, 0.642788, -5.61943e-08, -0.642788, 0.766044, 1, -1.20908e-07, -2.80971e-08, 0, 0, 0 )
light_color = Color( 1, 0.784314, 0.588235, 1 )
light_bake_mode = 2
shadow_enabled = true
shadow_color = Color( 0.196078, 0.0588235, 0.196078, 1 )
shadow_bias = 0.0

[node name="Ball" parent="." instance=ExtResource( 7 )]
transform = Transform( 1, 0, 0, 0, 1, 0, 0, 0, 1, 0, 5, 0 )

[node name="CamFollow" type="Spatial" parent="Ball"]
transform = Transform( 1, 0, 0, 0, 0.642788, 0.766044, 0, -0.766044, 0.642788, 0, 30, 20 )

[node name="Floor" type="StaticBody" parent="."]
transform = Transform( 0.707107, 0, 0.707107, 0, 1, 0, -0.707107, 0, 0.707107, 0, 0, 0 )

[node name="CollisionShape" type="CollisionShape" parent="Floor"]
shape = SubResource( 15 )

[node name="MeshInstance" type="MeshInstance" parent="Floor"]
mesh = SubResource( 16 )
skin = SubResource( 17 )

[node name="InterpolatedCamera" type="InterpolatedCamera" parent="."]
transform = Transform( 1, 0, 0, 0, 0.642788, 0.766044, 0, -0.766044, 0.642788, 0, 35, 20 )
environment = SubResource( 19 )
projection = 1
size = 30.0
target = NodePath("../Ball/CamFollow")
enabled = true
