[gd_scene load_steps=35 format=3 uid="uid://defh7881nafg6"]

[ext_resource type="PackedScene" uid="uid://dc7yg2qhkdo77" path="res://Assets/Models/Russel/Russel.gltf" id="1_mysin"]
[ext_resource type="Material" uid="uid://db86surtvq6n" path="res://Assets/Models/Russel/Cloth.tres" id="2_s1b86"]
[ext_resource type="Material" uid="uid://fn54vf75rioo" path="res://Assets/Models/Russel/Body.tres" id="3_bsnhw"]
[ext_resource type="PackedScene" uid="uid://cy6xi4epix5ju" path="res://Prefabs/Revolver.tscn" id="4_sniym"]
[ext_resource type="PackedScene" uid="uid://c865wqlp5lwla" path="res://Prefabs/Shotgun.tscn" id="5_0ewll"]

[sub_resource type="CapsuleShape3D" id="CapsuleShape3D_2d3qa"]
radius = 1.16878
height = 11.6878

[sub_resource type="CapsuleShape3D" id="CapsuleShape3D_j8ex4"]
radius = 1.36358
height = 13.6358

[sub_resource type="CapsuleShape3D" id="CapsuleShape3D_npsml"]
radius = 1.55838
height = 15.5838

[sub_resource type="CapsuleShape3D" id="CapsuleShape3D_hu7sx"]
radius = 1.75318
height = 17.5318

[sub_resource type="CapsuleShape3D" id="CapsuleShape3D_5a66d"]
radius = 0.719945
height = 7.19945

[sub_resource type="CapsuleShape3D" id="CapsuleShape3D_a256h"]
radius = 1.56418
height = 15.6418

[sub_resource type="CapsuleShape3D" id="CapsuleShape3D_636b5"]
radius = 2.59074
height = 25.9074

[sub_resource type="CapsuleShape3D" id="CapsuleShape3D_luvrm"]
radius = 2.30962
height = 23.0962

[sub_resource type="CapsuleShape3D" id="CapsuleShape3D_aknu0"]
radius = 0.696025
height = 6.96025

[sub_resource type="CapsuleShape3D" id="CapsuleShape3D_k1mnf"]
radius = 1.56418
height = 15.6418

[sub_resource type="CapsuleShape3D" id="CapsuleShape3D_1hh1q"]
radius = 2.5945
height = 25.945

[sub_resource type="CapsuleShape3D" id="CapsuleShape3D_6gs88"]
radius = 2.31952
height = 23.1952

[sub_resource type="CapsuleShape3D" id="CapsuleShape3D_wc1s6"]
radius = 0.682567
height = 6.82567

[sub_resource type="CapsuleShape3D" id="CapsuleShape3D_xse82"]
radius = 4.87967
height = 48.7967

[sub_resource type="CapsuleShape3D" id="CapsuleShape3D_wmqjl"]
radius = 4.87926
height = 48.7926

[sub_resource type="CapsuleShape3D" id="CapsuleShape3D_ggbwr"]
radius = 2.26683
height = 22.6683

[sub_resource type="CapsuleShape3D" id="CapsuleShape3D_6e8we"]
radius = 2.25205
height = 22.5205

[sub_resource type="AnimationNodeAnimation" id="AnimationNodeAnimation_oy2ry"]
animation = &"IdleStill_liz"

[sub_resource type="AnimationNodeAnimation" id="AnimationNodeAnimation_fvgf6"]
animation = &"Idle_Liz"

[sub_resource type="AnimationNodeBlend2" id="AnimationNodeBlend2_7eqda"]
filter_enabled = true
filters = ["Armature/Skeleton3D:Head", "Armature/Skeleton3D:Hips", "Armature/Skeleton3D:LeftArm", "Armature/Skeleton3D:LeftForeArm", "Armature/Skeleton3D:LeftHand", "Armature/Skeleton3D:LeftHandIndex1", "Armature/Skeleton3D:LeftHandIndex2", "Armature/Skeleton3D:LeftHandIndex3", "Armature/Skeleton3D:LeftHandRing1", "Armature/Skeleton3D:LeftHandRing2", "Armature/Skeleton3D:LeftHandRing3", "Armature/Skeleton3D:LeftHandThumb1", "Armature/Skeleton3D:LeftHandThumb2", "Armature/Skeleton3D:LeftHandThumb3", "Armature/Skeleton3D:LeftShoulder", "Armature/Skeleton3D:Neck", "Armature/Skeleton3D:RightArm", "Armature/Skeleton3D:RightForeArm", "Armature/Skeleton3D:RightHand", "Armature/Skeleton3D:RightHandIndex1", "Armature/Skeleton3D:RightHandIndex2", "Armature/Skeleton3D:RightHandIndex3", "Armature/Skeleton3D:RightHandRing1", "Armature/Skeleton3D:RightHandRing2", "Armature/Skeleton3D:RightHandRing3", "Armature/Skeleton3D:RightHandThumb1", "Armature/Skeleton3D:RightHandThumb2", "Armature/Skeleton3D:RightHandThumb3", "Armature/Skeleton3D:RightShoulder", "Armature/Skeleton3D:Spine", "Armature/Skeleton3D:Spine1", "Armature/Skeleton3D:Spine2"]

[sub_resource type="AnimationNodeTimeScale" id="AnimationNodeTimeScale_gj1ff"]

[sub_resource type="AnimationNodeBlend2" id="AnimationNodeBlend2_6hrub"]

[sub_resource type="AnimationNodeAnimation" id="AnimationNodeAnimation_lhakg"]
animation = &"Aim_01_STATIC"

[sub_resource type="AnimationNodeAnimation" id="AnimationNodeAnimation_6mkcg"]
animation = &"Aim_02_STATIC"

[sub_resource type="AnimationNodeAnimation" id="AnimationNodeAnimation_ey5a3"]
animation = &"Aim_03_STATIC"

[sub_resource type="AnimationNodeBlendSpace1D" id="AnimationNodeBlendSpace1D_2n32u"]
blend_point_0/node = SubResource("AnimationNodeAnimation_lhakg")
blend_point_0/pos = 0.0
blend_point_1/node = SubResource("AnimationNodeAnimation_6mkcg")
blend_point_1/pos = -1.0
blend_point_2/node = SubResource("AnimationNodeAnimation_ey5a3")
blend_point_2/pos = 1.0

[sub_resource type="AnimationNodeAnimation" id="AnimationNodeAnimation_2678m"]
animation = &"Walk_Liz"

[sub_resource type="AnimationNodeBlend2" id="AnimationNodeBlend2_40ywp"]
filter_enabled = true
filters = ["Armature/Skeleton3D:Head", "Armature/Skeleton3D:LeftArm", "Armature/Skeleton3D:LeftForeArm", "Armature/Skeleton3D:LeftHand", "Armature/Skeleton3D:LeftHandIndex1", "Armature/Skeleton3D:LeftHandIndex2", "Armature/Skeleton3D:LeftHandIndex3", "Armature/Skeleton3D:LeftHandRing1", "Armature/Skeleton3D:LeftHandRing2", "Armature/Skeleton3D:LeftHandRing3", "Armature/Skeleton3D:LeftHandThumb1", "Armature/Skeleton3D:LeftHandThumb2", "Armature/Skeleton3D:LeftHandThumb3", "Armature/Skeleton3D:LeftShoulder", "Armature/Skeleton3D:Neck", "Armature/Skeleton3D:RightArm", "Armature/Skeleton3D:RightForeArm", "Armature/Skeleton3D:RightHand", "Armature/Skeleton3D:RightHandIndex1", "Armature/Skeleton3D:RightHandIndex2", "Armature/Skeleton3D:RightHandIndex3", "Armature/Skeleton3D:RightHandRing1", "Armature/Skeleton3D:RightHandRing2", "Armature/Skeleton3D:RightHandRing3", "Armature/Skeleton3D:RightHandThumb1", "Armature/Skeleton3D:RightHandThumb2", "Armature/Skeleton3D:RightHandThumb3", "Armature/Skeleton3D:RightShoulder", "Armature/Skeleton3D:Spine", "Armature/Skeleton3D:Spine1", "Armature/Skeleton3D:Spine2"]

[sub_resource type="AnimationNodeBlendTree" id="AnimationNodeBlendTree_w3rwk"]
graph_offset = Vector2(-170.726, 182.134)
nodes/Animation/node = SubResource("AnimationNodeAnimation_fvgf6")
nodes/Animation/position = Vector2(480, 100)
"nodes/Animation 2/node" = SubResource("AnimationNodeAnimation_oy2ry")
"nodes/Animation 2/position" = Vector2(480, 300)
nodes/Blend2/node = SubResource("AnimationNodeBlend2_7eqda")
nodes/Blend2/position = Vector2(840, 400)
nodes/TimeScale/node = SubResource("AnimationNodeTimeScale_gj1ff")
nodes/TimeScale/position = Vector2(720, 680)
nodes/idleWalk/node = SubResource("AnimationNodeBlend2_6hrub")
nodes/idleWalk/position = Vector2(1180, 600)
nodes/output/position = Vector2(1400, 600)
nodes/shootAngle/node = SubResource("AnimationNodeBlendSpace1D_2n32u")
nodes/shootAngle/position = Vector2(620, 500)
nodes/walk/node = SubResource("AnimationNodeAnimation_2678m")
nodes/walk/position = Vector2(480, 720)
nodes/walkShoot/node = SubResource("AnimationNodeBlend2_40ywp")
nodes/walkShoot/position = Vector2(940, 660)
node_connections = [&"output", 0, &"idleWalk", &"Blend2", 0, &"Animation 2", &"Blend2", 1, &"Animation", &"TimeScale", 0, &"walk", &"idleWalk", 0, &"Blend2", &"idleWalk", 1, &"walkShoot", &"walkShoot", 0, &"TimeScale", &"walkShoot", 1, &"shootAngle"]

[node name="Russel" instance=ExtResource("1_mysin")]

[node name="Armature" parent="." index="0"]
transform = Transform3D(0.01, 0, 0, 0, -4.37114e-10, -0.01, 0, 0.01, -4.37114e-10, 0, 0, 0)

[node name="Skeleton3D" parent="Armature" index="0"]
bones/0/position = Vector3(0.0119012, 8.76467, -114.097)
bones/0/rotation = Quaternion(-0.641414, 0.0499785, -0.0416306, 0.764433)
bones/1/position = Vector3(-0.000558325, 10.4033, 3.13061)
bones/1/rotation = Quaternion(0.0851203, -1.28234e-05, -0.000234977, 0.996371)
bones/2/rotation = Quaternion(-0.0697565, -8.6948e-19, -1.31287e-10, 0.997564)
bones/3/rotation = Quaternion(4.14236e-06, -0.0952297, 0.0198339, 0.995258)
bones/5/position = Vector3(0.252455, 4.91133, 2.20353)
bones/5/rotation = Quaternion(-0.121642, -0.0183538, 0.0016096, 0.992403)
bones/6/position = Vector3(7.7379, 15.9159, 4.08832)
bones/6/rotation = Quaternion(-0.548978, -0.445373, 0.550422, -0.444187)
bones/7/position = Vector3(-4.42565e-06, 15.6418, -1.52333e-05)
bones/7/rotation = Quaternion(0.497064, 0.132867, -0.28878, 0.807391)
bones/8/position = Vector3(-2.19265e-05, 25.9074, 1.50182e-05)
bones/8/rotation = Quaternion(-0.114582, 0.180775, 0.604435, 0.767365)
bones/9/position = Vector3(-0.00671842, 23.0052, 0.582687)
bones/9/rotation = Quaternion(-0.0965984, -0.139755, 0.219174, 0.960781)
bones/10/rotation = Quaternion(0.120007, 0.406602, 0.0700643, 0.902975)
bones/11/position = Vector3(0.00949892, 5.43582, 0.0566517)
bones/11/rotation = Quaternion(0.141239, 0.0889158, -0.218504, 0.961458)
bones/12/position = Vector3(-0.0225263, 5.01889, -0.082075)
bones/12/rotation = Quaternion(0.205205, -0.19787, -0.396994, 0.87243)
bones/13/position = Vector3(-3.90722, 17.41, 0.0395979)
bones/13/rotation = Quaternion(0.503813, 0.124491, 0.092621, 0.849762)
bones/14/position = Vector3(0.00723183, 3.92663, 9.82394e-06)
bones/14/rotation = Quaternion(0.576453, 0.181351, 0.0364781, 0.795916)
bones/15/position = Vector3(-0.00960678, 3.59926, -1.02516e-05)
bones/15/rotation = Quaternion(0.397618, 0.0503009, 0.20961, 0.891871)
bones/16/position = Vector3(1.30241, 16.9628, -0.00851771)
bones/16/rotation = Quaternion(0.25651, -0.076323, 0.0326522, 0.96297)
bones/17/position = Vector3(0.0389008, 3.75504, -1.89479e-06)
bones/17/rotation = Quaternion(0.729658, 0.0548625, -0.189446, 0.654752)
bones/18/position = Vector3(8.47578e-05, 3.49918, 1.31244e-05)
bones/18/rotation = Quaternion(0.432453, 0.0843717, -0.14195, 0.886406)
bones/19/position = Vector3(-7.7379, 15.9493, -4.10138)
bones/19/rotation = Quaternion(0.583893, -0.548582, 0.504052, 0.32258)
bones/20/position = Vector3(-2.36064e-06, 15.6418, 2.27991e-07)
bones/20/rotation = Quaternion(0.533618, 0.0636107, -0.278534, 0.796005)
bones/21/position = Vector3(-5.13596e-06, 25.945, 5.2088e-06)
bones/21/rotation = Quaternion(-0.0417047, 0.078697, -0.563791, 0.821101)
bones/22/position = Vector3(0.0200938, 23.1022, 0.641202)
bones/22/rotation = Quaternion(-0.0482826, 0.0192027, -0.444186, 0.894427)
bones/23/rotation = Quaternion(0.156308, -0.260257, -0.105125, 0.946986)
bones/24/position = Vector3(0.296533, 5.33146, 0.00206328)
bones/24/rotation = Quaternion(-0.0190577, -0.141053, 0.342107, 0.928818)
bones/25/position = Vector3(0.00906658, 5.08549, -0.0354113)
bones/25/rotation = Quaternion(-0.0281843, -0.224598, 0.297142, 0.927614)
bones/26/position = Vector3(3.97333, 17.4168, 0.200295)
bones/26/rotation = Quaternion(0.36821, -0.309007, 0.0731225, 0.873836)
bones/27/position = Vector3(-0.0180058, 3.87818, 1.98561e-05)
bones/27/rotation = Quaternion(0.576529, -0.146956, -0.268728, 0.757498)
bones/28/position = Vector3(0.00839365, 3.64074, 1.67472e-06)
bones/28/rotation = Quaternion(0.504264, -0.130538, -0.237319, 0.819974)
bones/29/position = Vector3(-1.32445, 17.0786, -0.0577627)
bones/29/rotation = Quaternion(0.414357, 0.231686, 0.136244, 0.869521)
bones/30/position = Vector3(-0.0467001, 3.79245, -4.92713e-06)
bones/30/rotation = Quaternion(0.711057, 0.133114, 0.129004, 0.67826)
bones/31/position = Vector3(-0.00271583, 3.4311, -2.0224e-05)
bones/31/rotation = Quaternion(0.210509, -0.0907734, 0.377542, 0.897167)
bones/32/rotation = Quaternion(-0.288967, 0.124685, 0.948121, -0.0449234)
bones/33/position = Vector3(8.82226e-06, 48.7967, -1.14197e-05)
bones/33/rotation = Quaternion(-0.749596, 0.000410212, -0.289032, 0.595454)
bones/34/rotation = Quaternion(0.138596, 0.319698, 0.928092, 0.131261)
bones/35/position = Vector3(-5.1001e-07, 48.7926, -2.03711e-06)
bones/35/rotation = Quaternion(-0.00309792, 0.000139648, 0.00156644, 0.999994)
bones/36/position = Vector3(34.0922, 21.5972, -127.905)
bones/36/rotation = Quaternion(0.195696, -0.500002, -0.215268, 0.815696)
bones/37/position = Vector3(-26.9745, 36.9621, -131.472)
bones/37/rotation = Quaternion(-0.242144, 0.648701, -0.142034, 0.707375)
bones/38/position = Vector3(-31.1294, -39.3985, -145.274)
bones/38/rotation = Quaternion(0.0126916, 2.88272e-22, 0.999919, -2.64698e-23)
bones/39/position = Vector3(15.0064, -31.6908, -69.5666)
bones/39/rotation = Quaternion(-0.00417408, -0.0494067, 0.99877, 0.000206481)
bones/40/position = Vector3(-0.000260251, 0.00181949, 0.0011173)
bones/40/rotation = Quaternion(0.65434, 0.000251994, 0.0219361, 0.755883)
bones/41/position = Vector3(5.64971e-07, 22.6684, -1.52004e-06)
bones/41/rotation = Quaternion(0.3081, -0.0263527, -0.0234432, 0.9507)
bones/42/position = Vector3(-15.2955, 61.4663, -20.9772)
bones/42/rotation = Quaternion(0.000999401, 0.38643, 0.922277, 0.00877572)
bones/43/position = Vector3(-0.31675, -1.14285, -4.10016)
bones/43/rotation = Quaternion(0.97551, 0.0121726, -0.0122717, 0.219274)
bones/44/position = Vector3(-1.66916e-07, 22.5205, -3.46043e-06)
bones/44/rotation = Quaternion(0.202002, 0.0285332, 0.0123165, 0.978892)
bones/45/position = Vector3(29.3532, 47.9484, -47.1578)
bones/46/position = Vector3(-15.1143, 47.0335, -67.2154)
bones/46/rotation = Quaternion(-0.00824045, 0.999759, 0.0053545, 0.019617)
bones/47/position = Vector3(31.0464, -39.8916, -145.606)

[node name="Belt" parent="Armature/Skeleton3D" index="0"]
material_overlay = ExtResource("2_s1b86")

[node name="Boots" parent="Armature/Skeleton3D" index="1"]
material_overlay = ExtResource("2_s1b86")

[node name="Face_Hair" parent="Armature/Skeleton3D" index="2"]
material_overlay = ExtResource("3_bsnhw")

[node name="Glove" parent="Armature/Skeleton3D" index="3"]
material_overlay = ExtResource("2_s1b86")

[node name="Hair" parent="Armature/Skeleton3D" index="4"]
material_overlay = ExtResource("3_bsnhw")

[node name="Hat" parent="Armature/Skeleton3D" index="5"]
material_overlay = ExtResource("2_s1b86")

[node name="Pants" parent="Armature/Skeleton3D" index="6"]
material_overlay = ExtResource("2_s1b86")

[node name="Shirt" parent="Armature/Skeleton3D" index="7"]
material_overlay = ExtResource("2_s1b86")

[node name="Skin2" parent="Armature/Skeleton3D" index="8"]
material_overlay = ExtResource("3_bsnhw")

[node name="GunRight" type="BoneAttachment3D" parent="Armature/Skeleton3D" index="9"]
transform = Transform3D(0.117375, -0.110961, 0.986869, -0.515579, 0.842513, 0.156051, -0.848765, -0.527125, 0.0416808, -26.3551, 37.0534, -131.299)
bone_name = "RightHand"
bone_idx = 22

[node name="RevolverOffset" type="Node3D" parent="Armature/Skeleton3D/GunRight" index="0"]
transform = Transform3D(0.213206, 0.961684, -0.172357, 0.0290095, 0.170105, 0.984999, 0.976576, -0.215008, 0.00836935, 2.50012, 14.5, 2.49999)

[node name="Revolver" parent="Armature/Skeleton3D/GunRight/RevolverOffset" index="0" instance=ExtResource("4_sniym")]

[node name="ShotgunOffset" type="Node3D" parent="Armature/Skeleton3D/GunRight" index="1"]
transform = Transform3D(0.194826, 0.96561, -0.172165, 0.0254393, 0.170495, 0.98503, 0.980508, -0.196289, 0.00865229, 2.50014, 14.5, 2.5)

[node name="Shotgun" parent="Armature/Skeleton3D/GunRight/ShotgunOffset" index="0" instance=ExtResource("5_0ewll")]
visible = false

[node name="GunLeft" type="BoneAttachment3D" parent="Armature/Skeleton3D" index="10"]
transform = Transform3D(0.406294, 0.155415, -0.900428, -0.546853, 0.830825, -0.103351, 0.732036, 0.534392, 0.422549, 33.6431, 21.2299, -127.589)
bone_name = "LeftHand"
bone_idx = 9

[node name="RevolverOffset" type="Node3D" parent="Armature/Skeleton3D/GunLeft" index="0"]
transform = Transform3D(0.0806526, -0.991564, 0.10147, 0.0273704, 0.103966, 0.994204, -0.996366, -0.0774079, 0.0355246, -1.31248, 11.6363, 1.79798)

[node name="Revolver" parent="Armature/Skeleton3D/GunLeft/RevolverOffset" index="0" instance=ExtResource("4_sniym")]
visible = false

[node name="ShotgunOffset" type="Node3D" parent="Armature/Skeleton3D/GunLeft" index="1"]
transform = Transform3D(0.089244, -0.990811, 0.101637, 0.0254452, 0.104278, 0.994223, -0.995685, -0.0861423, 0.0345176, 0, 14.5, 2.5)

[node name="Shotgun" parent="Armature/Skeleton3D/GunLeft/ShotgunOffset" index="0" instance=ExtResource("5_0ewll")]
visible = false

[node name="Physical Bone Hips" type="PhysicalBone3D" parent="Armature/Skeleton3D" index="11"]
transform = Transform3D(0.987576, 0.153482, 0.0010976, -0.151072, 0.973234, -0.169596, -0.0271146, 0.167415, 0.984863, -0.00710739, 10.4081, -120.025)
collision_layer = 256
collision_mask = 2
joint_offset = Transform3D(1, 0, 0, 0, 1, 0, 0, 0, 1, 0.000387174, 0.0278129, 5.71974)
body_offset = Transform3D(0.999432, -6.30319e-06, -1.11759e-08, -8.25152e-07, 0.00413068, -0.999351, 1.39028e-05, 0.999376, 0.00412337, -0.000386715, 5.71591, -0.0513802)
bone_name = "Hips"

[node name="CollisionShape3D" type="CollisionShape3D" parent="Armature/Skeleton3D/Physical Bone Hips" index="0"]
transform = Transform3D(1, 0, 0, 0, 0, 1, 0, -1, 0, 0, 0, 0)
shape = SubResource("CapsuleShape3D_2d3qa")

[node name="Physical Bone Spine" type="PhysicalBone3D" parent="Armature/Skeleton3D" index="12"]
transform = Transform3D(0.987938, 0.151469, -0.0261165, -0.151239, 0.929907, -0.336579, -0.0266679, 0.337264, 0.941303, 0.645945, 16.4515, -130.01)
collision_layer = 256
collision_mask = 0
joint_type = 1
joint_offset = Transform3D(1, 0, 0, 0, 1, 0, 0, 0, 1, 0.000133773, -0.0169463, 6.28941)
body_offset = Transform3D(0.999803, 1.21593e-05, -1.93715e-07, -6.33299e-08, -0.000933051, -1.00001, -2.5183e-06, 1.00071, -0.000407875, -0.000132322, 6.28945, 0.0195236)
bone_name = "Spine"
joint_constraints/bias = 0.3
joint_constraints/damping = 1.0
joint_constraints/impulse_clamp = 0.0

[node name="CollisionShape3D" type="CollisionShape3D" parent="Armature/Skeleton3D/Physical Bone Spine" index="0"]
transform = Transform3D(1, 0, 0, 0, 0, 1, 0, -1, 0, 0, 0, 0)
shape = SubResource("CapsuleShape3D_j8ex4")

[node name="Physical Bone Spine1" type="PhysicalBone3D" parent="Armature/Skeleton3D" index="13"]
transform = Transform3D(0.987516, 0.153247, -0.00473109, -0.151176, 0.965558, -0.203396, -0.0266563, 0.201512, 0.978239, 0.86567, 20.3581, -143.986)
collision_layer = 256
collision_mask = 0
joint_type = 1
joint_offset = Transform3D(1, 0, 0, 0, 1, 0, 0, 0, 1, 0.00117837, 0.0116966, 7.20779)
body_offset = Transform3D(0.999376, -3.62098e-06, 1.2666e-07, -2.42144e-07, -2.12342e-05, -0.999171, -4.09782e-06, 0.998195, -1.06692e-05, -0.0011785, 7.20181, -0.0115986)
bone_name = "Spine1"
joint_constraints/bias = 0.3
joint_constraints/damping = 1.0
joint_constraints/impulse_clamp = 0.0

[node name="CollisionShape3D" type="CollisionShape3D" parent="Armature/Skeleton3D/Physical Bone Spine1" index="0"]
transform = Transform3D(1, 0, 0, 0, 0, 1, 0, -1, 0, 0, 0, 0)
shape = SubResource("CapsuleShape3D_npsml")

[node name="Physical Bone Spine2" type="PhysicalBone3D" parent="Armature/Skeleton3D" index="14"]
transform = Transform3D(0.990093, -0.0567476, 0.0390617, 0.0631454, 0.976409, -0.205502, -0.0262887, 0.207513, 0.977725, 0.54937, 24.3046, -160.321)
collision_layer = 256
collision_mask = 0
joint_type = 1
joint_offset = Transform3D(1, 0, 0, 0, 1, 0, 0, 0, 1, 0.000888336, -0.509948, 8.42521)
body_offset = Transform3D(0.992453, 1.53035e-05, -3.70666e-07, 4.53927e-06, -5.52237e-05, -0.999852, -6.33299e-08, 0.999828, -3.53605e-05, -0.000870705, 8.42393, 0.510159)
bone_name = "Spine2"
joint_constraints/bias = 0.3
joint_constraints/damping = 1.0
joint_constraints/impulse_clamp = 0.0

[node name="CollisionShape3D" type="CollisionShape3D" parent="Armature/Skeleton3D/Physical Bone Spine2" index="0"]
transform = Transform3D(1, 0, 0, 0, 0, 1, 0, -1, 0, 0, 0, 0)
shape = SubResource("CapsuleShape3D_hu7sx")

[node name="Physical Bone Neck" type="PhysicalBone3D" parent="Armature/Skeleton3D" index="15"]
transform = Transform3D(-0.997516, 0.0420758, 0.0546721, -0.0636097, -0.86685, -0.49654, 0.0264807, -0.497017, 0.866983, 0.0608036, 27.512, -172.715)
collision_layer = 256
collision_mask = 0
joint_type = 1
joint_offset = Transform3D(1, 0, 0, 0, 1, 0, 0, 0, 1, 0.0439797, -0.0907447, 3.84623)
body_offset = Transform3D(-0.999892, -1.42977e-05, -1.13472e-05, 2.2715e-06, 0.302351, -0.953227, 7.96467e-06, -0.953315, -0.304233, 0.0440173, 3.69377, 1.08364)
bone_name = "Neck"
joint_constraints/bias = 0.3
joint_constraints/damping = 1.0
joint_constraints/impulse_clamp = 0.0

[node name="CollisionShape3D" type="CollisionShape3D" parent="Armature/Skeleton3D/Physical Bone Neck" index="0"]
transform = Transform3D(1, 0, 0, 0, 0, 1, 0, -1, 0, 0, 0, 0)
shape = SubResource("CapsuleShape3D_5a66d")

[node name="Physical Bone LeftShoulder" type="PhysicalBone3D" parent="Armature/Skeleton3D" index="16"]
transform = Transform3D(0.0541066, 0.983823, -0.169944, -0.976548, 0.016826, -0.213756, -0.207449, 0.177608, 0.961909, 8.98601, 31.8043, -173.77)
collision_layer = 256
collision_mask = 0
joint_type = 1
joint_offset = Transform3D(1, 0, 0, 0, 1, 0, 0, 0, 1, -0.0147903, -0.0440767, 7.0373)
body_offset = Transform3D(0.999804, -1.60541e-05, 4.45843e-05, -2.87667e-05, 0.999868, 4.97699e-05, -4.29899e-05, 1.6354e-06, 0.99992, 0.014473, 0.0437202, -7.03674)
bone_name = "LeftShoulder"
joint_constraints/bias = 0.3
joint_constraints/damping = 1.0
joint_constraints/impulse_clamp = 0.0

[node name="CollisionShape3D" type="CollisionShape3D" parent="Armature/Skeleton3D/Physical Bone LeftShoulder" index="0"]
transform = Transform3D(1, 0, 0, 0, 0, 1, 0, -1, 0, 0, 0, 0)
shape = SubResource("CapsuleShape3D_a256h")

[node name="Physical Bone LeftArm" type="PhysicalBone3D" parent="Armature/Skeleton3D" index="17"]
transform = Transform3D(-0.143386, 0.26444, -0.952734, -0.803427, -0.592543, -0.0435361, -0.576538, 0.759699, 0.297617, 34.9262, 30.3058, -168.377)
collision_layer = 256
collision_mask = 0
joint_type = 1
joint_offset = Transform3D(1, 0, 0, 0, 1, 0, 0, 0, 1, -0.921298, -0.124947, 12.4783)
body_offset = Transform3D(0.999225, 0.000230134, 4.8019e-05, -7.70986e-05, 0.999088, -0.000135276, -4.81196e-05, 9.02414e-05, 0.999087, 0.920013, 0.12645, -12.467)
bone_name = "LeftArm"
joint_constraints/bias = 0.3
joint_constraints/damping = 1.0
joint_constraints/impulse_clamp = 0.0

[node name="CollisionShape3D" type="CollisionShape3D" parent="Armature/Skeleton3D/Physical Bone LeftArm" index="0"]
transform = Transform3D(1, 0, 0, 0, 0, 1, 0, -1, 0, 0, 0, 0)
shape = SubResource("CapsuleShape3D_636b5")

[node name="Physical Bone LeftForeArm" type="PhysicalBone3D" parent="Armature/Skeleton3D" index="18"]
transform = Transform3D(0.632422, -0.752791, -0.179123, -0.690997, -0.444913, -0.568407, 0.348415, 0.483604, -0.802218, 32.1937, 21.1144, -135.101)
collision_layer = 256
collision_mask = 0
joint_type = 1
joint_offset = Transform3D(1, 0, 0, 0, 1, 0, 0, 0, 1, -0.597572, -0.277516, 11.3201)
body_offset = Transform3D(0.999414, -0.000191987, -0.000148565, -0.000130743, 8.40724e-05, -0.999362, 3.88324e-05, 0.999258, -0.000137717, 0.59885, 11.3128, 0.278893)
bone_name = "LeftForeArm"
joint_constraints/bias = 0.3
joint_constraints/damping = 1.0
joint_constraints/impulse_clamp = 0.0

[node name="CollisionShape3D" type="CollisionShape3D" parent="Armature/Skeleton3D/Physical Bone LeftForeArm" index="0"]
transform = Transform3D(1, 0, 0, 0, 0, 1, 0, -1, 0, 0, 0, 0)
shape = SubResource("CapsuleShape3D_luvrm")

[node name="Physical Bone LeftHand" type="PhysicalBone3D" parent="Armature/Skeleton3D" index="19"]
transform = Transform3D(0.290712, 0.82718, 0.47896, 0.410292, 0.34467, -0.841546, -0.862951, 0.442048, -0.239297, 32, 30.3398, -124.838)
collision_layer = 256
collision_mask = 0
joint_type = 1
joint_offset = Transform3D(1, 0, 0, 0, 1, 0, 0, 0, 1, 0.361418, 0.180507, 2.97111)
body_offset = Transform3D(-0.76387, 0.525017, 0.371226, 0.000450522, 0.577943, -0.813455, -0.64346, -0.623514, -0.441981, -0.921646, 2.31238, 1.65828)
bone_name = "LeftHand"
joint_constraints/bias = 0.3
joint_constraints/damping = 1.0
joint_constraints/impulse_clamp = 0.0

[node name="CollisionShape3D" type="CollisionShape3D" parent="Armature/Skeleton3D/Physical Bone LeftHand" index="0"]
transform = Transform3D(1, 0, 0, 0, 0, 1, 0, -1, 0, 0, 0, 0)
shape = SubResource("CapsuleShape3D_aknu0")

[node name="Physical Bone RightShoulder" type="PhysicalBone3D" parent="Armature/Skeleton3D" index="20"]
transform = Transform3D(-0.168633, 0.297155, 0.939325, 0.808169, -0.503387, 0.304499, 0.563725, 0.811229, -0.155758, -13.9006, 17.2137, -166.741)
collision_layer = 256
collision_mask = 0
joint_type = 1
joint_offset = Transform3D(1, 0, 0, 0, 1, 0, 0, 0, 1, 0.407646, -1.04421, 7.56528)
body_offset = Transform3D(0.99968, 0.000348866, -0.000121161, -1.66893e-06, 0.00127414, -0.999655, 2.95639e-05, 0.999894, 0.000762671, -0.406235, 7.564, 1.03831)
bone_name = "RightShoulder"
joint_constraints/bias = 0.3
joint_constraints/damping = 1.0
joint_constraints/impulse_clamp = 0.0

[node name="CollisionShape3D" type="CollisionShape3D" parent="Armature/Skeleton3D/Physical Bone RightShoulder" index="0"]
transform = Transform3D(1, 0, 0, 0, 0, 1, 0, -1, 0, 0, 0, 0)
shape = SubResource("CapsuleShape3D_k1mnf")

[node name="Physical Bone RightArm" type="PhysicalBone3D" parent="Armature/Skeleton3D" index="21"]
transform = Transform3D(0.0842864, 0.988586, 0.109419, 0.976186, -0.103588, 0.186184, 0.195834, 0.0912107, -0.975103, -22.7446, 13.1881, -153.676)
collision_layer = 256
collision_mask = 0
joint_type = 1
joint_offset = Transform3D(1, 0, 0, 0, 1, 0, 0, 0, 1, -0.00280297, -0.516229, 12.6836)
body_offset = Transform3D(0.999196, -3.03537e-05, 0.00017266, 0.000157848, 7.63405e-05, -0.99873, 9.63882e-05, 0.998174, 1.99564e-05, 0.000595093, 12.6676, 0.515034)
bone_name = "RightArm"
joint_constraints/bias = 0.3
joint_constraints/damping = 1.0
joint_constraints/impulse_clamp = 0.0

[node name="CollisionShape3D" type="CollisionShape3D" parent="Armature/Skeleton3D/Physical Bone RightArm" index="0"]
transform = Transform3D(1, 0, 0, 0, 0, 1, 0, -1, 0, 0, 0, 0)
shape = SubResource("CapsuleShape3D_1hh1q")

[node name="Physical Bone RightForeArm" type="PhysicalBone3D" parent="Armature/Skeleton3D" index="22"]
transform = Transform3D(0.289654, 0.949178, 0.118373, 0.552812, -0.0651683, -0.830106, -0.780587, 0.305938, -0.543989, -25.3002, 20.3917, -134.626)
collision_layer = 256
collision_mask = 0
joint_type = 1
joint_offset = Transform3D(1, 0, 0, 0, 1, 0, 0, 0, 1, -0.362363, -0.688958, 11.4061)
body_offset = Transform3D(0.999408, 2.39313e-05, 0.000324875, 0.000298798, -0.000107456, -0.999506, 7.27326e-05, 0.999392, -8.05184e-05, 0.358459, 11.4005, 0.689484)
bone_name = "RightForeArm"
joint_constraints/bias = 0.3
joint_constraints/damping = 1.0
joint_constraints/impulse_clamp = 0.0

[node name="CollisionShape3D" type="CollisionShape3D" parent="Armature/Skeleton3D/Physical Bone RightForeArm" index="0"]
transform = Transform3D(1, 0, 0, 0, 0, 1, 0, -1, 0, 0, 0, 0)
shape = SubResource("CapsuleShape3D_6gs88")

[node name="Physical Bone RightHand" type="PhysicalBone3D" parent="Armature/Skeleton3D" index="23"]
transform = Transform3D(0.600603, -0.728984, -0.32557, 0.348924, 0.606059, -0.713753, 0.718033, 0.314912, 0.619096, -25.4974, 31.9988, -129.57)
collision_layer = 256
collision_mask = 0
joint_type = 1
joint_offset = Transform3D(1, 0, 0, 0, 1, 0, 0, 0, 1, -0.404078, 0.208413, 2.88024)
body_offset = Transform3D(-0.761491, -0.52929, -0.371135, -0.000284761, 0.57369, -0.818284, 0.646664, -0.623399, -0.437479, 0.871567, 2.23717, 1.65127)
bone_name = "RightHand"
joint_constraints/bias = 0.3
joint_constraints/damping = 1.0
joint_constraints/impulse_clamp = 0.0

[node name="CollisionShape3D" type="CollisionShape3D" parent="Armature/Skeleton3D/Physical Bone RightHand" index="0"]
transform = Transform3D(1, 0, 0, 0, 0, 1, 0, -1, 0, 0, 0, 0)
shape = SubResource("CapsuleShape3D_wc1s6")

[node name="Physical Bone LeftUpLeg" type="PhysicalBone3D" parent="Armature/Skeleton3D" index="24"]
transform = Transform3D(-0.88958, -0.447329, -0.0823262, -0.443629, 0.812905, 0.371656, -0.0995784, 0.368615, -0.923054, 11.0158, 1.17055, -84.5341)
collision_layer = 256
collision_mask = 0
joint_type = 1
joint_offset = Transform3D(1, 0, 0, 0, 1, 0, 0, 0, 1, 0.174887, -0.519393, 24.8883)
body_offset = Transform3D(0.99512, 0.0510081, -0.0723162, -0.0791329, 0.143223, -0.98517, -0.0393468, 0.986751, 0.14541, 1.65228, 24.6074, -3.09961)
bone_name = "LeftUpLeg"
joint_constraints/bias = 0.3
joint_constraints/damping = 1.0
joint_constraints/impulse_clamp = 0.0

[node name="CollisionShape3D" type="CollisionShape3D" parent="Armature/Skeleton3D/Physical Bone LeftUpLeg" index="0"]
transform = Transform3D(1, 0, 0, 0, 0, 1, 0, -1, 0, 0, 0, 0)
shape = SubResource("CapsuleShape3D_xse82")

[node name="Physical Bone RightUpLeg" type="PhysicalBone3D" parent="Armature/Skeleton3D" index="25"]
transform = Transform3D(-0.89874, 0.419812, 0.115288, 0.272376, 0.748541, -0.601729, -0.339581, -0.509629, -0.788715, -10.7921, 26.898, -87.6013)
collision_layer = 256
collision_mask = 0
joint_type = 1
joint_offset = Transform3D(1, 0, 0, 0, 1, 0, 0, 0, 1, 0.35283, 0.43122, 24.4641)
body_offset = Transform3D(0.995749, 0.0511446, -0.0550446, -0.0527171, -0.0511475, -0.996025, -0.054224, 0.995512, -0.0484134, 0.973232, 24.4075, 0.774239)
bone_name = "RightUpLeg"
joint_constraints/bias = 0.3
joint_constraints/damping = 1.0
joint_constraints/impulse_clamp = 0.0

[node name="CollisionShape3D" type="CollisionShape3D" parent="Armature/Skeleton3D/Physical Bone RightUpLeg" index="0"]
transform = Transform3D(1, 0, 0, 0, 0, 1, 0, -1, 0, 0, 0, 0)
shape = SubResource("CapsuleShape3D_wmqjl")

[node name="Physical Bone LeftFoot" type="PhysicalBone3D" parent="Armature/Skeleton3D" index="26"]
transform = Transform3D(-0.999862, -0.0301764, -0.0245086, -0.0377507, 0.901769, 0.431695, 0.00917097, 0.432252, -0.90221, 16.3235, -51.4216, -61.0796)
collision_layer = 256
collision_mask = 0
joint_type = 1
joint_offset = Transform3D(1, 0, 0, 0, 1, 0, 0, 0, 1, -0.139717, 0.083252, 14.382)
body_offset = Transform3D(1.00061, -0.00122594, 0.00155564, 0.00155376, -0.049928, -0.999227, 0.00139931, 0.999224, -0.04988, 0.117532, 14.3753, 0.634384)
bone_name = "LeftFoot"
joint_constraints/bias = 0.3
joint_constraints/damping = 1.0
joint_constraints/impulse_clamp = 0.0

[node name="CollisionShape3D" type="CollisionShape3D" parent="Armature/Skeleton3D/Physical Bone LeftFoot" index="0"]
transform = Transform3D(1, 0, 0, 0, 0, 1, 0, -1, 0, 0, 0, 0)
shape = SubResource("CapsuleShape3D_ggbwr")

[node name="Physical Bone RightFoot" type="PhysicalBone3D" parent="Armature/Skeleton3D" index="27"]
transform = Transform3D(-0.998812, 0.017939, 0.0111689, -0.0183304, -0.472418, -0.880412, -0.010503, -0.880371, 0.472678, -17.7304, 81.7018, -36.2841)
collision_layer = 256
collision_mask = 0
joint_type = 1
joint_offset = Transform3D(1, 0, 0, 0, 1, 0, 0, 0, 1, -0.901007, 0.578395, 19.1288)
body_offset = Transform3D(0.999033, 0.00110087, -0.00205167, -0.00193932, -0.106192, -0.993676, -0.00132578, 0.993616, -0.106205, 0.938745, 19.0675, 1.45568)
bone_name = "RightFoot"
joint_constraints/bias = 0.3
joint_constraints/damping = 1.0
joint_constraints/impulse_clamp = 0.0

[node name="CollisionShape3D" type="CollisionShape3D" parent="Armature/Skeleton3D/Physical Bone RightFoot" index="0"]
transform = Transform3D(1, 0, 0, 0, -4.37114e-08, 1, 0, -1, -4.37114e-08, 0, 0, 0)
shape = SubResource("CapsuleShape3D_6e8we")

[node name="AnimationTree" type="AnimationTree" parent="AnimationPlayer" index="0"]
tree_root = SubResource("AnimationNodeBlendTree_w3rwk")
anim_player = NodePath("..")
active = true
parameters/Blend2/blend_amount = 0.0
parameters/TimeScale/scale = 1.35
parameters/idleWalk/blend_amount = 1.0
parameters/shootAngle/blend_position = 0.0
parameters/walkShoot/blend_amount = 0.0
