[gd_scene load_steps=35 format=3 uid="uid://defh7881nafg6"]

[ext_resource type="PackedScene" uid="uid://dc7yg2qhkdo77" path="res://Assets/Models/Russel/Russel.gltf" id="1_mysin"]
[ext_resource type="Material" uid="uid://db86surtvq6n" path="res://Assets/Models/Russel/Cloth.tres" id="2_s1b86"]
[ext_resource type="Material" uid="uid://fn54vf75rioo" path="res://Assets/Models/Russel/Body.tres" id="3_bsnhw"]
[ext_resource type="PackedScene" uid="uid://cy6xi4epix5ju" path="res://Prefabs/Revolver.tscn" id="4_sniym"]
[ext_resource type="PackedScene" uid="uid://c865wqlp5lwla" path="res://Prefabs/Shotgun.tscn" id="5_0ewll"]

[sub_resource type="CapsuleShape3D" id="CapsuleShape3D_2d3qa"]
radius = 1.16878
height = 11.6878

[sub_resource type="CapsuleShape3D" id="CapsuleShape3D_j8ex4"]
radius = 1.36358
height = 13.6358

[sub_resource type="CapsuleShape3D" id="CapsuleShape3D_npsml"]
radius = 1.55838
height = 15.5838

[sub_resource type="CapsuleShape3D" id="CapsuleShape3D_hu7sx"]
radius = 1.75318
height = 17.5318

[sub_resource type="CapsuleShape3D" id="CapsuleShape3D_5a66d"]
radius = 0.719945
height = 7.19945

[sub_resource type="CapsuleShape3D" id="CapsuleShape3D_a256h"]
radius = 1.56418
height = 15.6418

[sub_resource type="CapsuleShape3D" id="CapsuleShape3D_636b5"]
radius = 2.59074
height = 25.9074

[sub_resource type="CapsuleShape3D" id="CapsuleShape3D_luvrm"]
radius = 2.30962
height = 23.0962

[sub_resource type="CapsuleShape3D" id="CapsuleShape3D_aknu0"]
radius = 0.696025
height = 6.96025

[sub_resource type="CapsuleShape3D" id="CapsuleShape3D_k1mnf"]
radius = 1.56418
height = 15.6418

[sub_resource type="CapsuleShape3D" id="CapsuleShape3D_1hh1q"]
radius = 2.5945
height = 25.945

[sub_resource type="CapsuleShape3D" id="CapsuleShape3D_6gs88"]
radius = 2.31952
height = 23.1952

[sub_resource type="CapsuleShape3D" id="CapsuleShape3D_wc1s6"]
radius = 0.682567
height = 6.82567

[sub_resource type="CapsuleShape3D" id="CapsuleShape3D_xse82"]
radius = 4.87967
height = 48.7967

[sub_resource type="CapsuleShape3D" id="CapsuleShape3D_wmqjl"]
radius = 4.87926
height = 48.7926

[sub_resource type="CapsuleShape3D" id="CapsuleShape3D_ggbwr"]
radius = 2.26683
height = 22.6683

[sub_resource type="CapsuleShape3D" id="CapsuleShape3D_6e8we"]
radius = 2.25205
height = 22.5205

[sub_resource type="AnimationNodeAnimation" id="AnimationNodeAnimation_oy2ry"]
animation = &"IdleStill_liz"

[sub_resource type="AnimationNodeAnimation" id="AnimationNodeAnimation_fvgf6"]
animation = &"Idle_Liz"

[sub_resource type="AnimationNodeBlend2" id="AnimationNodeBlend2_7eqda"]
filter_enabled = true
filters = ["Armature/Skeleton3D:Head", "Armature/Skeleton3D:Hips", "Armature/Skeleton3D:LeftArm", "Armature/Skeleton3D:LeftForeArm", "Armature/Skeleton3D:LeftHand", "Armature/Skeleton3D:LeftHandIndex1", "Armature/Skeleton3D:LeftHandIndex2", "Armature/Skeleton3D:LeftHandIndex3", "Armature/Skeleton3D:LeftHandRing1", "Armature/Skeleton3D:LeftHandRing2", "Armature/Skeleton3D:LeftHandRing3", "Armature/Skeleton3D:LeftHandThumb1", "Armature/Skeleton3D:LeftHandThumb2", "Armature/Skeleton3D:LeftHandThumb3", "Armature/Skeleton3D:LeftShoulder", "Armature/Skeleton3D:Neck", "Armature/Skeleton3D:RightArm", "Armature/Skeleton3D:RightForeArm", "Armature/Skeleton3D:RightHand", "Armature/Skeleton3D:RightHandIndex1", "Armature/Skeleton3D:RightHandIndex2", "Armature/Skeleton3D:RightHandIndex3", "Armature/Skeleton3D:RightHandRing1", "Armature/Skeleton3D:RightHandRing2", "Armature/Skeleton3D:RightHandRing3", "Armature/Skeleton3D:RightHandThumb1", "Armature/Skeleton3D:RightHandThumb2", "Armature/Skeleton3D:RightHandThumb3", "Armature/Skeleton3D:RightShoulder", "Armature/Skeleton3D:Spine", "Armature/Skeleton3D:Spine1", "Armature/Skeleton3D:Spine2"]

[sub_resource type="AnimationNodeTimeScale" id="AnimationNodeTimeScale_gj1ff"]

[sub_resource type="AnimationNodeBlend2" id="AnimationNodeBlend2_6hrub"]

[sub_resource type="AnimationNodeAnimation" id="AnimationNodeAnimation_lhakg"]
animation = &"Aim_01_STATIC"

[sub_resource type="AnimationNodeAnimation" id="AnimationNodeAnimation_6mkcg"]
animation = &"Aim_02_STATIC"

[sub_resource type="AnimationNodeAnimation" id="AnimationNodeAnimation_ey5a3"]
animation = &"Aim_03_STATIC"

[sub_resource type="AnimationNodeBlendSpace1D" id="AnimationNodeBlendSpace1D_2n32u"]
blend_point_0/node = SubResource("AnimationNodeAnimation_lhakg")
blend_point_0/pos = 0.0
blend_point_1/node = SubResource("AnimationNodeAnimation_6mkcg")
blend_point_1/pos = -1.0
blend_point_2/node = SubResource("AnimationNodeAnimation_ey5a3")
blend_point_2/pos = 1.0

[sub_resource type="AnimationNodeAnimation" id="AnimationNodeAnimation_2678m"]
animation = &"Walk_Liz"

[sub_resource type="AnimationNodeBlend2" id="AnimationNodeBlend2_40ywp"]
filter_enabled = true
filters = ["Armature/Skeleton3D:Head", "Armature/Skeleton3D:LeftArm", "Armature/Skeleton3D:LeftForeArm", "Armature/Skeleton3D:LeftHand", "Armature/Skeleton3D:LeftHandIndex1", "Armature/Skeleton3D:LeftHandIndex2", "Armature/Skeleton3D:LeftHandIndex3", "Armature/Skeleton3D:LeftHandRing1", "Armature/Skeleton3D:LeftHandRing2", "Armature/Skeleton3D:LeftHandRing3", "Armature/Skeleton3D:LeftHandThumb1", "Armature/Skeleton3D:LeftHandThumb2", "Armature/Skeleton3D:LeftHandThumb3", "Armature/Skeleton3D:LeftShoulder", "Armature/Skeleton3D:Neck", "Armature/Skeleton3D:RightArm", "Armature/Skeleton3D:RightForeArm", "Armature/Skeleton3D:RightHand", "Armature/Skeleton3D:RightHandIndex1", "Armature/Skeleton3D:RightHandIndex2", "Armature/Skeleton3D:RightHandIndex3", "Armature/Skeleton3D:RightHandRing1", "Armature/Skeleton3D:RightHandRing2", "Armature/Skeleton3D:RightHandRing3", "Armature/Skeleton3D:RightHandThumb1", "Armature/Skeleton3D:RightHandThumb2", "Armature/Skeleton3D:RightHandThumb3", "Armature/Skeleton3D:RightShoulder", "Armature/Skeleton3D:Spine", "Armature/Skeleton3D:Spine1", "Armature/Skeleton3D:Spine2"]

[sub_resource type="AnimationNodeBlendTree" id="AnimationNodeBlendTree_w3rwk"]
graph_offset = Vector2(-9.93427, 295.697)
nodes/Animation/node = SubResource("AnimationNodeAnimation_fvgf6")
nodes/Animation/position = Vector2(560, 380)
"nodes/Animation 2/node" = SubResource("AnimationNodeAnimation_oy2ry")
"nodes/Animation 2/position" = Vector2(560, 260)
nodes/Blend2/node = SubResource("AnimationNodeBlend2_7eqda")
nodes/Blend2/position = Vector2(840, 300)
nodes/TimeScale/node = SubResource("AnimationNodeTimeScale_gj1ff")
nodes/TimeScale/position = Vector2(720, 680)
nodes/idleWalk/node = SubResource("AnimationNodeBlend2_6hrub")
nodes/idleWalk/position = Vector2(1180, 600)
nodes/output/position = Vector2(1400, 600)
nodes/shootAngle/node = SubResource("AnimationNodeBlendSpace1D_2n32u")
nodes/shootAngle/position = Vector2(700, 820)
nodes/walk/node = SubResource("AnimationNodeAnimation_2678m")
nodes/walk/position = Vector2(480, 720)
nodes/walkShoot/node = SubResource("AnimationNodeBlend2_40ywp")
nodes/walkShoot/position = Vector2(940, 660)
node_connections = [&"output", 0, &"idleWalk", &"Blend2", 0, &"Animation 2", &"Blend2", 1, &"Animation", &"TimeScale", 0, &"walk", &"idleWalk", 0, &"Blend2", &"idleWalk", 1, &"walkShoot", &"walkShoot", 0, &"TimeScale", &"walkShoot", 1, &"shootAngle"]

[node name="Russel" instance=ExtResource("1_mysin")]

[node name="Armature" parent="." index="0"]
transform = Transform3D(0.01, 0, 0, 0, -4.37114e-10, -0.01, 0, 0.01, -4.37114e-10, 0, 0, 0)

[node name="Skeleton3D" parent="Armature" index="0"]
bones/0/position = Vector3(0.330975, 5.24121, -114.795)
bones/0/rotation = Quaternion(-0.641318, -0.0517893, 0.0437628, 0.764274)
bones/6/rotation = Quaternion(-0.681876, -0.197407, 0.290498, -0.641629)
bones/7/rotation = Quaternion(0.292711, -0.42876, 0.361594, 0.774426)
bones/8/position = Vector3(1.54163e-08, 25.9074, 3.47211e-05)
bones/8/rotation = Quaternion(-0.000694592, -0.117414, 0.00275038, 0.993079)
bones/9/position = Vector3(-0.00671937, 23.0052, 0.582692)
bones/9/rotation = Quaternion(-0.15834, -0.0118863, 0.0916921, 0.983046)
bones/10/rotation = Quaternion(0.212619, 0.185202, 0.182932, 0.941822)
bones/11/position = Vector3(0.00950348, 5.43582, 0.0566622)
bones/11/rotation = Quaternion(0.189479, 0.248526, -0.253398, 0.91549)
bones/12/position = Vector3(-0.0225616, 5.01889, -0.0821092)
bones/12/rotation = Quaternion(-0.0317541, 0.3425, -0.303849, 0.88846)
bones/13/position = Vector3(-3.93011, 17.4215, 0.0998463)
bones/13/rotation = Quaternion(-0.0889239, 0.194908, 0.0363837, 0.976104)
bones/14/rotation = Quaternion(0.478493, 0.121326, -0.0144951, 0.869549)
bones/15/rotation = Quaternion(0.435973, -0.211511, -0.189512, 0.853976)
bones/16/position = Vector3(1.3024, 16.9628, -0.00851109)
bones/16/rotation = Quaternion(-0.0309686, 0.00149801, -0.0482915, 0.998352)
bones/17/rotation = Quaternion(0.233892, 0.0305136, 0.000475941, 0.971784)
bones/18/position = Vector3(9.38773e-05, 3.49918, 1.96876e-06)
bones/18/rotation = Quaternion(0.038113, -1.06131e-07, 1.20869e-08, 0.999273)
bones/19/rotation = Quaternion(0.688997, -0.182031, 0.268183, 0.648248)
bones/20/position = Vector3(2.30912e-07, 15.6418, 1.74339e-07)
bones/20/rotation = Quaternion(0.10798, 0.042625, -0.424425, 0.897991)
bones/21/position = Vector3(-4.45679e-07, 25.945, 1.0521e-05)
bones/21/rotation = Quaternion(-0.00171728, -0.447362, -0.00233732, 0.894348)
bones/22/position = Vector3(0.020081, 23.1022, 0.641191)
bones/22/rotation = Quaternion(-0.182038, 0.813455, 0.0614763, 0.548975)
bones/23/position = Vector3(2.53696, 5.58791, 2.98816)
bones/23/rotation = Quaternion(0.165782, -0.431279, -0.0425527, 0.885835)
bones/24/position = Vector3(0.296524, 5.33149, 0.00207786)
bones/24/rotation = Quaternion(0.169937, -0.148914, 0.153475, 0.961973)
bones/25/position = Vector3(0.00907385, 5.08549, -0.035461)
bones/25/rotation = Quaternion(-0.0284939, -0.254203, 0.288175, 0.922781)
bones/26/position = Vector3(3.97332, 17.4168, 0.200302)
bones/26/rotation = Quaternion(0.135711, -0.438303, -0.026325, 0.888133)
bones/27/position = Vector3(-0.0180013, 3.8782, 5.51579e-06)
bones/28/position = Vector3(0.0083878, 3.64073, -2.26924e-05)
bones/29/position = Vector3(-1.32444, 17.0786, -0.0577725)
bones/30/position = Vector3(-0.0466867, 3.79247, 6.46738e-06)
bones/30/rotation = Quaternion(0.208192, 0.298986, -0.107915, 0.924996)
bones/31/position = Vector3(-0.00271678, 3.43109, -5.68612e-06)
bones/31/rotation = Quaternion(-0.008894, -6.3769e-08, -9.69778e-08, 0.99996)
bones/32/rotation = Quaternion(-0.0978459, 0.253764, 0.958652, -0.0837617)
bones/33/position = Vector3(8.82226e-06, 48.7967, -1.14197e-05)
bones/33/rotation = Quaternion(-0.0030877, 0.000688659, -0.00119057, 0.999994)
bones/34/rotation = Quaternion(0.360897, -0.0435859, 0.929103, -0.0679891)
bones/35/position = Vector3(-5.1001e-07, 48.7926, -2.03711e-06)
bones/35/rotation = Quaternion(-0.65699, 9.46159e-05, 0.332203, 0.676761)
bones/36/position = Vector3(33.3723, 34.8337, -139.787)
bones/36/rotation = Quaternion(-0.107956, -0.5935, 0.146255, 0.784037)
bones/37/position = Vector3(-33.5752, 15.4764, -126.015)
bones/37/rotation = Quaternion(0.124547, 0.709913, 0.15382, 0.675908)
bones/38/position = Vector3(-31.1294, -39.3985, -145.274)
bones/38/rotation = Quaternion(0.0126916, 2.88272e-22, 0.999919, -2.64698e-23)
bones/39/position = Vector3(12.785, 43.3325, -14.9688)
bones/39/rotation = Quaternion(-0.00417408, -0.0494067, 0.99877, 0.000206481)
bones/40/position = Vector3(0.199929, 1.83318, -3.54379)
bones/40/rotation = Quaternion(0.990999, -0.010625, 0.0208131, 0.131815)
bones/41/position = Vector3(5.64971e-07, 22.6684, -1.52004e-06)
bones/41/rotation = Quaternion(0.457046, -0.0244641, -0.0215665, 0.888845)
bones/42/position = Vector3(-10.2103, -51.07, -78.145)
bones/42/rotation = Quaternion(0.00800266, -0.564826, 0.825158, 0.00467755)
bones/43/position = Vector3(0.000596121, 0.0010742, 0.00702435)
bones/43/rotation = Quaternion(0.97551, 0.0121726, -0.0122717, 0.219274)
bones/44/position = Vector3(-1.66916e-07, 22.5205, -3.46043e-06)
bones/44/rotation = Quaternion(0.202002, 0.0285332, 0.0123165, 0.978892)
bones/45/position = Vector3(16.8664, 47.9484, -53.5496)
bones/46/position = Vector3(-13.4738, 47.1148, -66.6573)
bones/46/rotation = Quaternion(-0.00629736, 0.999779, 0.00409188, 0.0196528)
bones/47/position = Vector3(31.0464, -39.8916, -145.606)

[node name="Belt" parent="Armature/Skeleton3D" index="0"]
material_overlay = ExtResource("2_s1b86")

[node name="Boots" parent="Armature/Skeleton3D" index="1"]
material_overlay = ExtResource("2_s1b86")

[node name="Face_Hair" parent="Armature/Skeleton3D" index="2"]
material_overlay = ExtResource("3_bsnhw")

[node name="Glove" parent="Armature/Skeleton3D" index="3"]
material_overlay = ExtResource("2_s1b86")

[node name="Hair" parent="Armature/Skeleton3D" index="4"]
material_overlay = ExtResource("3_bsnhw")

[node name="Hat" parent="Armature/Skeleton3D" index="5"]
material_overlay = ExtResource("2_s1b86")

[node name="Pants" parent="Armature/Skeleton3D" index="6"]
material_overlay = ExtResource("2_s1b86")

[node name="Shirt" parent="Armature/Skeleton3D" index="7"]
material_overlay = ExtResource("2_s1b86")

[node name="Skin2" parent="Armature/Skeleton3D" index="8"]
material_overlay = ExtResource("3_bsnhw")

[node name="GunRight" type="BoneAttachment3D" parent="Armature/Skeleton3D" index="9"]
transform = Transform3D(0.247391, -0.105027, 0.963207, 0.0311131, 0.994456, 0.100444, -0.968416, 0.00511938, 0.249287, -12.1671, 70.6999, -152.33)
bone_name = "RightHand"
bone_idx = 22

[node name="RevolverOffset" type="Node3D" parent="Armature/Skeleton3D/GunRight" index="0"]
transform = Transform3D(0.213206, 0.961684, -0.172357, 0.0290095, 0.170105, 0.984999, 0.976576, -0.215008, 0.00836935, 2.50012, 14.5, 2.49999)

[node name="Revolver" parent="Armature/Skeleton3D/GunRight/RevolverOffset" index="0" instance=ExtResource("4_sniym")]

[node name="ShotgunOffset" type="Node3D" parent="Armature/Skeleton3D/GunRight" index="1"]
transform = Transform3D(0.194826, 0.96561, -0.172165, 0.0254393, 0.170495, 0.98503, 0.980508, -0.196289, 0.00865229, 2.50014, 14.5, 2.5)

[node name="Shotgun" parent="Armature/Skeleton3D/GunRight/ShotgunOffset" index="0" instance=ExtResource("5_0ewll")]
visible = false

[node name="GunLeft" type="BoneAttachment3D" parent="Armature/Skeleton3D" index="10"]
transform = Transform3D(0.0712372, -0.10831, -0.991561, -0.0546248, 0.992172, -0.112301, 0.995963, 0.0621638, 0.0647631, -3.47527, 71.3914, -153.949)
bone_name = "LeftHand"
bone_idx = 9

[node name="RevolverOffset" type="Node3D" parent="Armature/Skeleton3D/GunLeft" index="0"]
transform = Transform3D(0.0806526, -0.991564, 0.10147, 0.0273704, 0.103966, 0.994204, -0.996366, -0.0774079, 0.0355246, -1.31248, 11.6363, 1.79798)

[node name="Revolver" parent="Armature/Skeleton3D/GunLeft/RevolverOffset" index="0" instance=ExtResource("4_sniym")]
visible = false

[node name="ShotgunOffset" type="Node3D" parent="Armature/Skeleton3D/GunLeft" index="1"]
transform = Transform3D(0.089244, -0.990811, 0.101637, 0.0254452, 0.104278, 0.994223, -0.995685, -0.0861423, 0.0345176, 0, 14.5, 2.5)

[node name="Shotgun" parent="Armature/Skeleton3D/GunLeft/ShotgunOffset" index="0" instance=ExtResource("5_0ewll")]
visible = false

[node name="Physical Bone Hips" type="PhysicalBone3D" parent="Armature/Skeleton3D" index="11"]
transform = Transform3D(0.987584, -0.151402, -0.000163616, 0.149206, 0.973197, -0.169369, 0.0258322, 0.167385, 0.984521, 0.411938, 6.09608, -121.148)
collision_layer = 256
collision_mask = 2
joint_offset = Transform3D(1, 0, 0, 0, 1, 0, 0, 0, 1, 0.000447474, 0.0268008, 5.71276)
body_offset = Transform3D(0.999126, -5.76675e-06, -2.94298e-07, -1.99303e-07, 0.00415717, -0.998975, 1.36644e-05, 0.999018, 0.00414655, -0.000445247, 5.70679, -0.0504627)
bone_name = "Hips"

[node name="CollisionShape3D" type="CollisionShape3D" parent="Armature/Skeleton3D/Physical Bone Hips" index="0"]
transform = Transform3D(1, 0, 0, 0, 0, 1, 0, -1, 0, 0, 0, 0)
shape = SubResource("CapsuleShape3D_2d3qa")

[node name="Physical Bone Spine" type="PhysicalBone3D" parent="Armature/Skeleton3D" index="12"]
transform = Transform3D(0.988167, -0.151629, -8.45682e-05, 0.149279, 0.974604, -0.170057, 0.0258447, 0.168711, 0.985479, 0.405189, 8.22688, -133.184)
collision_layer = 256
collision_mask = 0
joint_type = 1
joint_offset = Transform3D(1, 0, 0, 0, 1, 0, 0, 0, 1, 9.79893e-05, -0.0291759, 6.24188)
body_offset = Transform3D(0.999713, 1.48714e-05, -2.12342e-07, -5.96046e-08, -0.000991747, -1.00004, -1.2964e-06, 1.00065, -0.000456199, -9.62019e-05, 6.24213, 0.0320425)
bone_name = "Spine"
joint_constraints/bias = 0.3
joint_constraints/damping = 1.0
joint_constraints/impulse_clamp = 0.0

[node name="CollisionShape3D" type="CollisionShape3D" parent="Armature/Skeleton3D/Physical Bone Spine" index="0"]
transform = Transform3D(1, 0, 0, 0, 0, 1, 0, -1, 0, 0, 0, 0)
shape = SubResource("CapsuleShape3D_j8ex4")

[node name="Physical Bone Spine1" type="PhysicalBone3D" parent="Armature/Skeleton3D" index="13"]
transform = Transform3D(0.987642, -0.151241, -0.000151703, 0.149193, 0.972154, -0.169432, 0.0258299, 0.167302, 0.984442, 0.41334, 10.6465, -147.504)
collision_layer = 256
collision_mask = 0
joint_type = 1
joint_offset = Transform3D(1, 0, 0, 0, 1, 0, 0, 0, 1, 0.000942592, 0.0126526, 7.13728)
body_offset = Transform3D(0.999181, -4.03821e-06, -6.89179e-08, -6.89179e-08, -1.88798e-05, -0.998916, -7.53999e-06, 0.997972, -1.11312e-05, -0.000941277, 7.12955, -0.0125475)
bone_name = "Spine1"
joint_constraints/bias = 0.3
joint_constraints/damping = 1.0
joint_constraints/impulse_clamp = 0.0

[node name="CollisionShape3D" type="CollisionShape3D" parent="Armature/Skeleton3D/Physical Bone Spine1" index="0"]
transform = Transform3D(1, 0, 0, 0, 0, 1, 0, -1, 0, 0, 0, 0)
shape = SubResource("CapsuleShape3D_npsml")

[node name="Physical Bone Spine2" type="PhysicalBone3D" parent="Armature/Skeleton3D" index="14"]
transform = Transform3D(0.98092, -0.151488, -0.000148463, 0.148183, 0.973896, -0.169598, 0.0256512, 0.167642, 0.985267, 0.335672, 14.0122, -163.97)
collision_layer = 256
collision_mask = 0
joint_type = 1
joint_offset = Transform3D(1, 0, 0, 0, 1, 0, 0, 0, 1, 0.000835251, -0.517626, 8.34606)
body_offset = Transform3D(0.992381, 2.0206e-05, -2.49594e-07, 3.6303e-06, -5.80102e-05, -0.999757, -3.08454e-06, 0.999763, -3.4526e-05, -0.000816345, 8.34401, 0.517792)
bone_name = "Spine2"
joint_constraints/bias = 0.3
joint_constraints/damping = 1.0
joint_constraints/impulse_clamp = 0.0

[node name="CollisionShape3D" type="CollisionShape3D" parent="Armature/Skeleton3D/Physical Bone Spine2" index="0"]
transform = Transform3D(1, 0, 0, 0, 0, 1, 0, -1, 0, 0, 0, 0)
shape = SubResource("CapsuleShape3D_hu7sx")

[node name="Physical Bone Neck" type="PhysicalBone3D" parent="Armature/Skeleton3D" index="15"]
transform = Transform3D(-0.98818, 0.144308, 0.0465383, -0.149269, -0.875491, -0.461631, -0.0258452, -0.4614, 0.886497, 0.293356, 16.7593, -176.487)
collision_layer = 256
collision_mask = 0
joint_type = 1
joint_offset = Transform3D(1, 0, 0, 0, 1, 0, 0, 0, 1, 0.0439303, -0.064332, 3.77532)
body_offset = Transform3D(-0.999725, -1.81198e-05, -1.34856e-05, 2.2836e-06, 0.302358, -0.953192, 1.26809e-05, -0.953299, -0.304255, 0.043968, 3.61806, 1.08733)
bone_name = "Neck"
joint_constraints/bias = 0.3
joint_constraints/damping = 1.0
joint_constraints/impulse_clamp = 0.0

[node name="CollisionShape3D" type="CollisionShape3D" parent="Armature/Skeleton3D/Physical Bone Neck" index="0"]
transform = Transform3D(1, 0, 0, 0, 0, 1, 0, -1, 0, 0, 0, 0)
shape = SubResource("CapsuleShape3D_5a66d")

[node name="Physical Bone LeftShoulder" type="PhysicalBone3D" parent="Armature/Skeleton3D" index="16"]
transform = Transform3D(0.842519, 0.519041, -0.140009, -0.537434, 0.819414, -0.196742, 0.0126095, 0.241164, 0.97005, 9.0823, 17.3368, -178.085)
collision_layer = 256
collision_mask = 0
joint_type = 1
joint_offset = Transform3D(1, 0, 0, 0, 1, 0, 0, 0, 1, -0.0142711, -0.0521342, 6.96759)
body_offset = Transform3D(0.999416, -5.44488e-05, 6.94171e-05, 1.68383e-05, 0.999501, 7.66069e-05, -6.18845e-05, -1.86265e-05, 0.999653, 0.0137763, 0.0515747, -6.96518)
bone_name = "LeftShoulder"
joint_constraints/bias = 0.3
joint_constraints/damping = 1.0
joint_constraints/impulse_clamp = 0.0

[node name="CollisionShape3D" type="CollisionShape3D" parent="Armature/Skeleton3D/Physical Bone LeftShoulder" index="0"]
transform = Transform3D(1, 0, 0, 0, 0, 1, 0, -1, 0, 0, 0, 0)
shape = SubResource("CapsuleShape3D_a256h")

[node name="Physical Bone LeftArm" type="PhysicalBone3D" parent="Armature/Skeleton3D" index="17"]
transform = Transform3D(0.350039, -0.408812, -0.84148, -0.118323, 0.871901, -0.47302, 0.92815, 0.265758, 0.257022, 26.9484, 34.6376, -169.831)
collision_layer = 256
collision_mask = 0
joint_type = 1
joint_offset = Transform3D(1, 0, 0, 0, 1, 0, 0, 0, 1, -0.966768, -0.128355, 12.4439)
body_offset = Transform3D(0.998995, 0.000405021, -2.30968e-07, -6.68317e-06, 0.998982, -0.000242144, -2.6904e-05, 0.000128716, 0.998948, 0.965851, 0.131231, -12.4308)
bone_name = "LeftArm"
joint_constraints/bias = 0.3
joint_constraints/damping = 1.0
joint_constraints/impulse_clamp = 0.0

[node name="CollisionShape3D" type="CollisionShape3D" parent="Armature/Skeleton3D/Physical Bone LeftArm" index="0"]
transform = Transform3D(1, 0, 0, 0, 0, 1, 0, -1, 0, 0, 0, 0)
shape = SubResource("CapsuleShape3D_636b5")

[node name="Physical Bone LeftForeArm" type="PhysicalBone3D" parent="Armature/Skeleton3D" index="18"]
transform = Transform3D(0.141831, -0.900394, 0.409121, -0.220665, -0.43137, -0.873555, 0.964059, 0.0335531, -0.260258, 0.782791, 60.9679, -157.099)
collision_layer = 256
collision_mask = 0
joint_type = 1
joint_offset = Transform3D(1, 0, 0, 0, 1, 0, 0, 0, 1, -0.654622, -0.30369, 11.3043)
body_offset = Transform3D(0.999109, -0.000241734, -0.000327617, -0.000212446, 0.000135541, -0.999106, 7.38725e-05, 0.998957, -0.000141978, 0.657669, 11.2941, 0.305027)
bone_name = "LeftForeArm"
joint_constraints/bias = 0.3
joint_constraints/damping = 1.0
joint_constraints/impulse_clamp = 0.0

[node name="CollisionShape3D" type="CollisionShape3D" parent="Armature/Skeleton3D/Physical Bone LeftForeArm" index="0"]
transform = Transform3D(1, 0, 0, 0, 0, 1, 0, -1, 0, 0, 0, 0)
shape = SubResource("CapsuleShape3D_luvrm")

[node name="Physical Bone LeftHand" type="PhysicalBone3D" parent="Armature/Skeleton3D" index="19"]
transform = Transform3D(0.58361, 0.581274, 0.564259, 0.123882, 0.624087, -0.768466, -0.80052, 0.519988, 0.291822, -6.35346, 73.3218, -155.303)
collision_layer = 256
collision_mask = 0
joint_type = 1
joint_offset = Transform3D(1, 0, 0, 0, 1, 0, 0, 0, 1, 0.411921, 0.180284, 2.92765)
body_offset = Transform3D(-0.763647, 0.524878, 0.370892, 0.0005152, 0.577801, -0.81322, -0.643135, -0.623219, -0.441817, -0.865906, 2.27644, 1.67076)
bone_name = "LeftHand"
joint_constraints/bias = 0.3
joint_constraints/damping = 1.0
joint_constraints/impulse_clamp = 0.0

[node name="CollisionShape3D" type="CollisionShape3D" parent="Armature/Skeleton3D/Physical Bone LeftHand" index="0"]
transform = Transform3D(1, 0, 0, 0, 0, 1, 0, -1, 0, 0, 0, 0)
shape = SubResource("CapsuleShape3D_aknu0")

[node name="Physical Bone RightShoulder" type="PhysicalBone3D" parent="Armature/Skeleton3D" index="20"]
transform = Transform3D(0.688706, 0.133513, 0.711772, 0.72387, -0.162279, -0.669723, 0.0264988, 0.977492, -0.208942, -12.7567, 18.2377, -169.071)
collision_layer = 256
collision_mask = 0
joint_type = 1
joint_offset = Transform3D(1, 0, 0, 0, 1, 0, 0, 0, 1, 0.411568, -1.11729, 7.57109)
body_offset = Transform3D(0.999503, 0.000330649, -0.000175089, -4.75347e-05, 0.0013041, -0.999402, 5.42849e-05, 0.999824, 0.000776559, -0.409669, 7.56804, 1.11119)
bone_name = "RightShoulder"
joint_constraints/bias = 0.3
joint_constraints/damping = 1.0
joint_constraints/impulse_clamp = 0.0

[node name="CollisionShape3D" type="CollisionShape3D" parent="Armature/Skeleton3D/Physical Bone RightShoulder" index="0"]
transform = Transform3D(1, 0, 0, 0, 0, 1, 0, -1, 0, 0, 0, 0)
shape = SubResource("CapsuleShape3D_k1mnf")

[node name="Physical Bone RightArm" type="PhysicalBone3D" parent="Armature/Skeleton3D" index="21"]
transform = Transform3D(0.951139, 0.283493, -0.113301, -0.0160809, -0.323487, -0.944481, -0.305094, 0.900588, -0.303669, -16.7706, 35.9243, -164.08)
collision_layer = 256
collision_mask = 0
joint_type = 1
joint_offset = Transform3D(1, 0, 0, 0, 1, 0, 0, 0, 1, -0.00217808, -0.575742, 12.6908)
body_offset = Transform3D(0.999003, -4.85489e-05, 0.000281975, 0.000211149, -2.5928e-05, -0.998547, 0.000127858, 0.998033, -9.90331e-05, -0.00143051, 12.6723, 0.575867)
bone_name = "RightArm"
joint_constraints/bias = 0.3
joint_constraints/damping = 1.0
joint_constraints/impulse_clamp = 0.0

[node name="CollisionShape3D" type="CollisionShape3D" parent="Armature/Skeleton3D/Physical Bone RightArm" index="0"]
transform = Transform3D(1, 0, 0, 0, 0, 1, 0, -1, 0, 0, 0, 0)
shape = SubResource("CapsuleShape3D_1hh1q")

[node name="Physical Bone RightForeArm" type="PhysicalBone3D" parent="Armature/Skeleton3D" index="22"]
transform = Transform3D(0.797221, -0.59025, -0.118408, -0.27085, -0.176448, -0.945565, 0.537689, 0.786669, -0.301116, -14.1934, 59.2037, -156.351)
collision_layer = 256
collision_mask = 0
joint_type = 1
joint_offset = Transform3D(1, 0, 0, 0, 1, 0, 0, 0, 1, -0.391354, -0.729806, 11.3933)
body_offset = Transform3D(0.999014, 0.000137568, 0.000322878, 0.000520229, -7.68155e-05, -0.999392, 7.77729e-05, 0.999188, -0.000222072, 0.38739, 11.3865, 0.731773)
bone_name = "RightForeArm"
joint_constraints/bias = 0.3
joint_constraints/damping = 1.0
joint_constraints/impulse_clamp = 0.0

[node name="CollisionShape3D" type="CollisionShape3D" parent="Armature/Skeleton3D/Physical Bone RightForeArm" index="0"]
transform = Transform3D(1, 0, 0, 0, 0, 1, 0, -1, 0, 0, 0, 0)
shape = SubResource("CapsuleShape3D_6gs88")

[node name="Physical Bone RightHand" type="PhysicalBone3D" parent="Armature/Skeleton3D" index="23"]
transform = Transform3D(0.431134, -0.80015, -0.41367, 0.0479148, 0.478368, -0.87579, 0.899613, 0.357654, 0.244799, -11.5019, 72.8057, -153.457)
collision_layer = 256
collision_mask = 0
joint_type = 1
joint_offset = Transform3D(1, 0, 0, 0, 1, 0, 0, 0, 1, -0.448841, 0.21489, 2.83569)
body_offset = Transform3D(-0.761261, -0.529029, -0.370918, -0.000338372, 0.57346, -0.818061, 0.646496, -0.623108, -0.437325, 0.823807, 2.19639, 1.66419)
bone_name = "RightHand"
joint_constraints/bias = 0.3
joint_constraints/damping = 1.0
joint_constraints/impulse_clamp = 0.0

[node name="CollisionShape3D" type="CollisionShape3D" parent="Armature/Skeleton3D/Physical Bone RightHand" index="0"]
transform = Transform3D(1, 0, 0, 0, 0, 1, 0, -1, 0, 0, 0, 0)
shape = SubResource("CapsuleShape3D_wc1s6")

[node name="Physical Bone LeftUpLeg" type="PhysicalBone3D" parent="Armature/Skeleton3D" index="24"]
transform = Transform3D(-0.938097, -0.343083, -0.0167391, -0.32639, 0.905721, -0.264357, 0.105603, -0.241052, -0.962388, 8.939, 15.328, -84.5484)
collision_layer = 256
collision_mask = 0
joint_type = 1
joint_offset = Transform3D(1, 0, 0, 0, 1, 0, 0, 0, 1, 0.166751, -0.513781, 24.9174)
body_offset = Transform3D(0.994936, 0.0510747, -0.0723028, -0.0791885, 0.143552, -0.984886, -0.0392116, 0.986369, 0.145351, 1.66193, 24.6277, -3.10845)
bone_name = "LeftUpLeg"
joint_constraints/bias = 0.3
joint_constraints/damping = 1.0
joint_constraints/impulse_clamp = 0.0

[node name="CollisionShape3D" type="CollisionShape3D" parent="Armature/Skeleton3D/Physical Bone LeftUpLeg" index="0"]
transform = Transform3D(1, 0, 0, 0, 0, 1, 0, -1, 0, 0, 0, 0)
shape = SubResource("CapsuleShape3D_xse82")

[node name="Physical Bone RightUpLeg" type="PhysicalBone3D" parent="Armature/Skeleton3D" index="25"]
transform = Transform3D(-0.843464, 0.527251, -0.0865114, 0.476959, 0.81511, 0.322392, 0.240585, 0.230855, -0.941036, -6.44049, -2.74492, -85.9702)
collision_layer = 256
collision_mask = 0
joint_type = 1
joint_offset = Transform3D(1, 0, 0, 0, 1, 0, 0, 0, 1, 0.359169, 0.438265, 24.4885)
body_offset = Transform3D(0.995527, 0.0512143, -0.0549845, -0.0526728, -0.0510439, -0.995797, -0.0543365, 0.99522, -0.0483152, 0.96648, 24.4269, 0.766512)
bone_name = "RightUpLeg"
joint_constraints/bias = 0.3
joint_constraints/damping = 1.0
joint_constraints/impulse_clamp = 0.0

[node name="CollisionShape3D" type="CollisionShape3D" parent="Armature/Skeleton3D/Physical Bone RightUpLeg" index="0"]
transform = Transform3D(1, 0, 0, 0, 0, 1, 0, -1, 0, 0, 0, 0)
shape = SubResource("CapsuleShape3D_wmqjl")

[node name="Physical Bone LeftFoot" type="PhysicalBone3D" parent="Armature/Skeleton3D" index="26"]
transform = Transform3D(-1, -0.0303591, -0.0243388, 0.0245936, -0.00565254, -1.00021, 0.0301087, -0.999968, 0.00633524, 12.7782, 61.9813, -21.6784)
collision_layer = 256
collision_mask = 0
joint_type = 1
joint_offset = Transform3D(1, 0, 0, 0, 1, 0, 0, 0, 1, -0.142789, 0.0805374, 14.3798)
body_offset = Transform3D(1.00075, -0.00122207, 0.00155351, 0.00155441, -0.0499001, -0.999281, 0.00141403, 0.9992, -0.0498447, 0.120656, 14.3737, 0.636484)
bone_name = "LeftFoot"
joint_constraints/bias = 0.3
joint_constraints/damping = 1.0
joint_constraints/impulse_clamp = 0.0

[node name="CollisionShape3D" type="CollisionShape3D" parent="Armature/Skeleton3D/Physical Bone LeftFoot" index="0"]
transform = Transform3D(1, 0, 0, 0, 0, 1, 0, -1, 0, 0, 0, 0)
shape = SubResource("CapsuleShape3D_ggbwr")

[node name="Physical Bone RightFoot" type="PhysicalBone3D" parent="Armature/Skeleton3D" index="27"]
transform = Transform3D(-0.998565, 0.0185, 0.0106047, 0.0192906, 0.995434, 0.0820944, -0.00907081, 0.0822589, -0.995668, -11.326, -59.0132, -60.2447)
collision_layer = 256
collision_mask = 0
joint_type = 1
joint_offset = Transform3D(1, 0, 0, 0, 1, 0, 0, 0, 1, -0.89652, 0.575729, 19.1357)
body_offset = Transform3D(0.99879, 0.00110666, -0.00204329, -0.0019374, -0.106039, -0.993459, -0.00133677, 0.993353, -0.106035, 0.933898, 19.0699, 1.45595)
bone_name = "RightFoot"
joint_constraints/bias = 0.3
joint_constraints/damping = 1.0
joint_constraints/impulse_clamp = 0.0

[node name="CollisionShape3D" type="CollisionShape3D" parent="Armature/Skeleton3D/Physical Bone RightFoot" index="0"]
transform = Transform3D(1, 0, 0, 0, -4.37114e-08, 1, 0, -1, -4.37114e-08, 0, 0, 0)
shape = SubResource("CapsuleShape3D_6e8we")

[node name="AnimationTree" type="AnimationTree" parent="AnimationPlayer" index="0"]
tree_root = SubResource("AnimationNodeBlendTree_w3rwk")
anim_player = NodePath("..")
active = true
parameters/Blend2/blend_amount = 0.0
parameters/TimeScale/scale = 1.35
parameters/idleWalk/blend_amount = 1.0
parameters/shootAngle/blend_position = 0.0
parameters/walkShoot/blend_amount = 1.0
