[gd_scene load_steps=35 format=3 uid="uid://defh7881nafg6"]

[ext_resource type="PackedScene" uid="uid://dc7yg2qhkdo77" path="res://Assets/Models/Russel/Russel.gltf" id="1_mysin"]
[ext_resource type="Material" uid="uid://db86surtvq6n" path="res://Assets/Models/Russel/Cloth.tres" id="2_s1b86"]
[ext_resource type="Material" uid="uid://fn54vf75rioo" path="res://Assets/Models/Russel/Body.tres" id="3_bsnhw"]
[ext_resource type="PackedScene" uid="uid://cy6xi4epix5ju" path="res://Prefabs/Revolver.tscn" id="4_sniym"]
[ext_resource type="PackedScene" uid="uid://c865wqlp5lwla" path="res://Prefabs/Shotgun.tscn" id="5_0ewll"]

[sub_resource type="CapsuleShape3D" id="CapsuleShape3D_2d3qa"]
radius = 1.16878
height = 11.6878

[sub_resource type="CapsuleShape3D" id="CapsuleShape3D_j8ex4"]
radius = 1.36358
height = 13.6358

[sub_resource type="CapsuleShape3D" id="CapsuleShape3D_npsml"]
radius = 1.55838
height = 15.5838

[sub_resource type="CapsuleShape3D" id="CapsuleShape3D_hu7sx"]
radius = 1.75318
height = 17.5318

[sub_resource type="CapsuleShape3D" id="CapsuleShape3D_5a66d"]
radius = 0.719945
height = 7.19945

[sub_resource type="CapsuleShape3D" id="CapsuleShape3D_a256h"]
radius = 1.56418
height = 15.6418

[sub_resource type="CapsuleShape3D" id="CapsuleShape3D_636b5"]
radius = 2.59074
height = 25.9074

[sub_resource type="CapsuleShape3D" id="CapsuleShape3D_luvrm"]
radius = 2.30962
height = 23.0962

[sub_resource type="CapsuleShape3D" id="CapsuleShape3D_aknu0"]
radius = 0.696025
height = 6.96025

[sub_resource type="CapsuleShape3D" id="CapsuleShape3D_k1mnf"]
radius = 1.56418
height = 15.6418

[sub_resource type="CapsuleShape3D" id="CapsuleShape3D_1hh1q"]
radius = 2.5945
height = 25.945

[sub_resource type="CapsuleShape3D" id="CapsuleShape3D_6gs88"]
radius = 2.31952
height = 23.1952

[sub_resource type="CapsuleShape3D" id="CapsuleShape3D_wc1s6"]
radius = 0.682567
height = 6.82567

[sub_resource type="CapsuleShape3D" id="CapsuleShape3D_xse82"]
radius = 4.87967
height = 48.7967

[sub_resource type="CapsuleShape3D" id="CapsuleShape3D_wmqjl"]
radius = 4.87926
height = 48.7926

[sub_resource type="CapsuleShape3D" id="CapsuleShape3D_ggbwr"]
radius = 2.26683
height = 22.6683

[sub_resource type="CapsuleShape3D" id="CapsuleShape3D_6e8we"]
radius = 2.25205
height = 22.5205

[sub_resource type="AnimationNodeAnimation" id="AnimationNodeAnimation_oy2ry"]
animation = &"IdleStill_liz"

[sub_resource type="AnimationNodeAnimation" id="AnimationNodeAnimation_fvgf6"]
animation = &"Idle_Liz"

[sub_resource type="AnimationNodeBlend2" id="AnimationNodeBlend2_7eqda"]
filter_enabled = true
filters = ["Armature/Skeleton3D:Head", "Armature/Skeleton3D:Hips", "Armature/Skeleton3D:LeftArm", "Armature/Skeleton3D:LeftForeArm", "Armature/Skeleton3D:LeftHand", "Armature/Skeleton3D:LeftHandIndex1", "Armature/Skeleton3D:LeftHandIndex2", "Armature/Skeleton3D:LeftHandIndex3", "Armature/Skeleton3D:LeftHandRing1", "Armature/Skeleton3D:LeftHandRing2", "Armature/Skeleton3D:LeftHandRing3", "Armature/Skeleton3D:LeftHandThumb1", "Armature/Skeleton3D:LeftHandThumb2", "Armature/Skeleton3D:LeftHandThumb3", "Armature/Skeleton3D:LeftShoulder", "Armature/Skeleton3D:Neck", "Armature/Skeleton3D:RightArm", "Armature/Skeleton3D:RightForeArm", "Armature/Skeleton3D:RightHand", "Armature/Skeleton3D:RightHandIndex1", "Armature/Skeleton3D:RightHandIndex2", "Armature/Skeleton3D:RightHandIndex3", "Armature/Skeleton3D:RightHandRing1", "Armature/Skeleton3D:RightHandRing2", "Armature/Skeleton3D:RightHandRing3", "Armature/Skeleton3D:RightHandThumb1", "Armature/Skeleton3D:RightHandThumb2", "Armature/Skeleton3D:RightHandThumb3", "Armature/Skeleton3D:RightShoulder", "Armature/Skeleton3D:Spine", "Armature/Skeleton3D:Spine1", "Armature/Skeleton3D:Spine2"]

[sub_resource type="AnimationNodeTimeScale" id="AnimationNodeTimeScale_gj1ff"]

[sub_resource type="AnimationNodeBlend2" id="AnimationNodeBlend2_6hrub"]

[sub_resource type="AnimationNodeAnimation" id="AnimationNodeAnimation_lhakg"]
animation = &"Aim_01_STATIC"

[sub_resource type="AnimationNodeAnimation" id="AnimationNodeAnimation_6mkcg"]
animation = &"Aim_02_STATIC"

[sub_resource type="AnimationNodeAnimation" id="AnimationNodeAnimation_ey5a3"]
animation = &"Aim_03_STATIC"

[sub_resource type="AnimationNodeBlendSpace1D" id="AnimationNodeBlendSpace1D_2n32u"]
blend_point_0/node = SubResource("AnimationNodeAnimation_lhakg")
blend_point_0/pos = 0.0
blend_point_1/node = SubResource("AnimationNodeAnimation_6mkcg")
blend_point_1/pos = -1.0
blend_point_2/node = SubResource("AnimationNodeAnimation_ey5a3")
blend_point_2/pos = 1.0

[sub_resource type="AnimationNodeAnimation" id="AnimationNodeAnimation_2678m"]
animation = &"Walk_Liz"

[sub_resource type="AnimationNodeBlend2" id="AnimationNodeBlend2_40ywp"]
filter_enabled = true
filters = ["Armature/Skeleton3D:Head", "Armature/Skeleton3D:LeftArm", "Armature/Skeleton3D:LeftForeArm", "Armature/Skeleton3D:LeftHand", "Armature/Skeleton3D:LeftHandIndex1", "Armature/Skeleton3D:LeftHandIndex2", "Armature/Skeleton3D:LeftHandIndex3", "Armature/Skeleton3D:LeftHandRing1", "Armature/Skeleton3D:LeftHandRing2", "Armature/Skeleton3D:LeftHandRing3", "Armature/Skeleton3D:LeftHandThumb1", "Armature/Skeleton3D:LeftHandThumb2", "Armature/Skeleton3D:LeftHandThumb3", "Armature/Skeleton3D:LeftShoulder", "Armature/Skeleton3D:Neck", "Armature/Skeleton3D:RightArm", "Armature/Skeleton3D:RightForeArm", "Armature/Skeleton3D:RightHand", "Armature/Skeleton3D:RightHandIndex1", "Armature/Skeleton3D:RightHandIndex2", "Armature/Skeleton3D:RightHandIndex3", "Armature/Skeleton3D:RightHandRing1", "Armature/Skeleton3D:RightHandRing2", "Armature/Skeleton3D:RightHandRing3", "Armature/Skeleton3D:RightHandThumb1", "Armature/Skeleton3D:RightHandThumb2", "Armature/Skeleton3D:RightHandThumb3", "Armature/Skeleton3D:RightShoulder", "Armature/Skeleton3D:Spine", "Armature/Skeleton3D:Spine1", "Armature/Skeleton3D:Spine2"]

[sub_resource type="AnimationNodeBlendTree" id="AnimationNodeBlendTree_w3rwk"]
graph_offset = Vector2(149.178, 138.463)
nodes/Animation/node = SubResource("AnimationNodeAnimation_fvgf6")
nodes/Animation/position = Vector2(480, 96)
"nodes/Animation 2/node" = SubResource("AnimationNodeAnimation_oy2ry")
"nodes/Animation 2/position" = Vector2(464, -16)
nodes/Blend2/node = SubResource("AnimationNodeBlend2_7eqda")
nodes/Blend2/position = Vector2(704, 0)
nodes/TimeScale/node = SubResource("AnimationNodeTimeScale_gj1ff")
nodes/TimeScale/position = Vector2(480, 260)
nodes/idleWalk/node = SubResource("AnimationNodeBlend2_6hrub")
nodes/idleWalk/position = Vector2(920, 180)
nodes/output/position = Vector2(1160, 180)
nodes/shootAngle/node = SubResource("AnimationNodeBlendSpace1D_2n32u")
nodes/shootAngle/position = Vector2(460, 420)
nodes/walk/node = SubResource("AnimationNodeAnimation_2678m")
nodes/walk/position = Vector2(320, 260)
nodes/walkShoot/node = SubResource("AnimationNodeBlend2_40ywp")
nodes/walkShoot/position = Vector2(700, 240)
node_connections = [&"output", 0, &"idleWalk", &"Blend2", 0, &"Animation 2", &"Blend2", 1, &"Animation", &"TimeScale", 0, &"walk", &"idleWalk", 0, &"Blend2", &"idleWalk", 1, &"walkShoot", &"walkShoot", 0, &"TimeScale", &"walkShoot", 1, &"shootAngle"]

[node name="Russel" instance=ExtResource("1_mysin")]

[node name="Armature" parent="." index="0"]
transform = Transform3D(0.01, 0, 0, 0, -4.37114e-10, -0.01, 0, 0.01, -4.37114e-10, 0, 0, 0)

[node name="Skeleton3D" parent="Armature" index="0"]
bones/0/position = Vector3(0.522104, 4.97988, -116.605)
bones/0/rotation = Quaternion(-0.640371, -0.0664176, 0.0560369, 0.763134)
bones/1/position = Vector3(-0.000558325, 10.4033, 3.13061)
bones/1/rotation = Quaternion(0.0851203, -1.28234e-05, -0.000234977, 0.996371)
bones/2/rotation = Quaternion(-0.0697565, -8.6948e-19, -1.31287e-10, 0.997564)
bones/3/rotation = Quaternion(9.28553e-07, 0.10694, -0.0222749, 0.994016)
bones/5/position = Vector3(0.0181834, 4.26697, 2.77679)
bones/5/rotation = Quaternion(-0.120738, -0.122614, 0.0107531, 0.985024)
bones/6/position = Vector3(7.7379, 15.953, -5.0049)
bones/6/rotation = Quaternion(-0.548978, -0.445373, 0.550422, -0.444187)
bones/7/position = Vector3(-4.42565e-06, 15.6418, -1.52333e-05)
bones/7/rotation = Quaternion(0.471464, 0.0583122, -0.107582, 0.873354)
bones/8/position = Vector3(-2.19265e-05, 25.9074, 1.50182e-05)
bones/8/rotation = Quaternion(-0.229601, 0.316906, 0.578837, 0.715403)
bones/9/position = Vector3(-0.00671842, 23.0052, 0.582687)
bones/9/rotation = Quaternion(-0.115041, -0.360835, 0.235953, 0.894925)
bones/10/rotation = Quaternion(0.120007, 0.406602, 0.0700643, 0.902975)
bones/11/position = Vector3(0.00949892, 5.43582, 0.0566517)
bones/11/rotation = Quaternion(0.141239, 0.0889158, -0.218504, 0.961458)
bones/12/position = Vector3(-0.0225263, 5.01889, -0.082075)
bones/12/rotation = Quaternion(0.205205, -0.19787, -0.396994, 0.87243)
bones/13/position = Vector3(-3.90722, 17.41, 0.0395979)
bones/13/rotation = Quaternion(0.503813, 0.124491, 0.092621, 0.849762)
bones/14/position = Vector3(0.00723183, 3.92663, 9.82394e-06)
bones/14/rotation = Quaternion(0.576453, 0.181351, 0.0364781, 0.795916)
bones/15/position = Vector3(-0.00960678, 3.59926, -1.02516e-05)
bones/15/rotation = Quaternion(0.397618, 0.0503009, 0.20961, 0.891871)
bones/16/position = Vector3(1.30241, 16.9628, -0.00851771)
bones/16/rotation = Quaternion(0.25651, -0.076323, 0.0326522, 0.96297)
bones/17/position = Vector3(0.0389008, 3.75504, -1.89479e-06)
bones/17/rotation = Quaternion(0.729658, 0.0548625, -0.189446, 0.654752)
bones/18/position = Vector3(8.47578e-05, 3.49918, 1.31244e-05)
bones/18/rotation = Quaternion(0.432453, 0.0843717, -0.14195, 0.886406)
bones/19/position = Vector3(-7.7379, 15.9122, 4.99183)
bones/19/rotation = Quaternion(0.549903, -0.444643, 0.549399, 0.445039)
bones/20/position = Vector3(-2.36064e-06, 15.6418, 2.27991e-07)
bones/20/rotation = Quaternion(0.576731, -0.0461408, 0.103094, 0.809088)
bones/21/position = Vector3(-5.13596e-06, 25.945, 5.2088e-06)
bones/21/rotation = Quaternion(-0.26341, -0.350859, -0.402534, 0.803418)
bones/22/position = Vector3(0.0200938, 23.1022, 0.641202)
bones/22/rotation = Quaternion(-0.152972, 0.48953, -0.476594, 0.714016)
bones/23/rotation = Quaternion(0.156308, -0.260257, -0.105125, 0.946986)
bones/24/position = Vector3(0.296533, 5.33146, 0.00206328)
bones/24/rotation = Quaternion(-0.0190577, -0.141053, 0.342107, 0.928818)
bones/25/position = Vector3(0.00906658, 5.08549, -0.0354113)
bones/25/rotation = Quaternion(-0.0281843, -0.224598, 0.297142, 0.927614)
bones/26/position = Vector3(3.97333, 17.4168, 0.200295)
bones/26/rotation = Quaternion(0.36821, -0.309007, 0.0731225, 0.873836)
bones/27/position = Vector3(-0.0180058, 3.87818, 1.98561e-05)
bones/27/rotation = Quaternion(0.576529, -0.146956, -0.268728, 0.757498)
bones/28/position = Vector3(0.00839365, 3.64074, 1.67472e-06)
bones/28/rotation = Quaternion(0.504264, -0.130538, -0.237319, 0.819974)
bones/29/position = Vector3(-1.32445, 17.0786, -0.0577627)
bones/29/rotation = Quaternion(0.414357, 0.231686, 0.136244, 0.869521)
bones/30/position = Vector3(-0.0467001, 3.79245, -4.92713e-06)
bones/30/rotation = Quaternion(0.711057, 0.133114, 0.129004, 0.67826)
bones/31/position = Vector3(-0.00271583, 3.4311, -2.0224e-05)
bones/31/rotation = Quaternion(0.210509, -0.0907734, 0.377542, 0.897167)
bones/32/rotation = Quaternion(-0.0235296, 0.335314, 0.937456, -0.0904785)
bones/33/position = Vector3(8.82226e-06, 48.7967, -1.14197e-05)
bones/33/rotation = Quaternion(-0.00308951, 0.000688658, -0.00119127, 0.999994)
bones/34/rotation = Quaternion(0.383657, -0.122787, 0.912149, -0.0755972)
bones/35/position = Vector3(-5.1001e-07, 48.7926, -2.03711e-06)
bones/35/rotation = Quaternion(-0.538569, 0.000111272, 0.272325, 0.79736)
bones/36/position = Vector3(34.0965, 20.5407, -131.103)
bones/36/rotation = Quaternion(0.0634354, -0.569148, -0.0483706, 0.818356)
bones/37/position = Vector3(-32.9838, 28.1019, -124.66)
bones/37/rotation = Quaternion(-0.0371984, 0.71095, -0.00922085, 0.702197)
bones/38/position = Vector3(-31.1294, -39.3985, -145.274)
bones/38/rotation = Quaternion(0.0126916, 2.88272e-22, 0.999919, -2.64698e-23)
bones/39/position = Vector3(12.7577, 58.8387, -23.1749)
bones/39/rotation = Quaternion(-0.00417408, -0.0494067, 0.99877, 0.000206481)
bones/40/position = Vector3(0.228379, 2.75707, -3.79691)
bones/40/rotation = Quaternion(0.93802, -0.01516, 0.0138525, -0.345972)
bones/41/position = Vector3(5.64971e-07, 22.6684, -1.52004e-06)
bones/41/rotation = Quaternion(0.530467, -0.0232187, -0.0203574, 0.847143)
bones/42/position = Vector3(-10.2939, -61.3643, -73.4183)
bones/42/rotation = Quaternion(0.00071389, -0.610556, 0.791951, 0.00587713)
bones/43/position = Vector3(0.000248582, -0.000392757, 0.00411757)
bones/43/rotation = Quaternion(0.97551, 0.0121726, -0.0122717, 0.219274)
bones/44/position = Vector3(-1.66916e-07, 22.5205, -3.46043e-06)
bones/44/rotation = Quaternion(0.202002, 0.0285332, 0.0123165, 0.978892)
bones/45/position = Vector3(14.4127, 47.9484, -55.3646)
bones/46/position = Vector3(-13.3545, 47.314, -63.6861)
bones/46/rotation = Quaternion(-0.00576975, 0.999783, 0.00374904, 0.0196625)
bones/47/position = Vector3(31.0464, -39.8916, -145.606)

[node name="Belt" parent="Armature/Skeleton3D" index="0"]
material_overlay = ExtResource("2_s1b86")

[node name="Boots" parent="Armature/Skeleton3D" index="1"]
material_overlay = ExtResource("2_s1b86")

[node name="Face_Hair" parent="Armature/Skeleton3D" index="2"]
material_overlay = ExtResource("3_bsnhw")

[node name="Glove" parent="Armature/Skeleton3D" index="3"]
material_overlay = ExtResource("2_s1b86")

[node name="Hair" parent="Armature/Skeleton3D" index="4"]
material_overlay = ExtResource("3_bsnhw")

[node name="Hat" parent="Armature/Skeleton3D" index="5"]
material_overlay = ExtResource("2_s1b86")

[node name="Pants" parent="Armature/Skeleton3D" index="6"]
material_overlay = ExtResource("2_s1b86")

[node name="Shirt" parent="Armature/Skeleton3D" index="7"]
material_overlay = ExtResource("2_s1b86")

[node name="Skin2" parent="Armature/Skeleton3D" index="8"]
material_overlay = ExtResource("3_bsnhw")

[node name="GunRight" type="BoneAttachment3D" parent="Armature/Skeleton3D" index="9"]
transform = Transform3D(-0.0118499, -0.0388402, 0.999175, -0.0659772, 0.997099, 0.037977, -0.997751, -0.0654728, -0.014378, -32.5919, 27.6951, -124.285)
bone_name = "RightHand"
bone_idx = 22

[node name="RevolverOffset" type="Node3D" parent="Armature/Skeleton3D/GunRight" index="0"]
transform = Transform3D(0.213206, 0.961684, -0.172357, 0.0290095, 0.170105, 0.984999, 0.976576, -0.215008, 0.00836935, 2.50012, 14.5, 2.49999)

[node name="Revolver" parent="Armature/Skeleton3D/GunRight/RevolverOffset" index="0" instance=ExtResource("4_sniym")]

[node name="ShotgunOffset" type="Node3D" parent="Armature/Skeleton3D/GunRight" index="1"]
transform = Transform3D(0.194826, 0.96561, -0.172165, 0.0254393, 0.170495, 0.98503, 0.980508, -0.196289, 0.00865229, 2.50014, 14.5, 2.5)

[node name="Shotgun" parent="Armature/Skeleton3D/GunRight/ShotgunOffset" index="0" instance=ExtResource("5_0ewll")]
visible = false

[node name="GunLeft" type="BoneAttachment3D" parent="Armature/Skeleton3D" index="10"]
transform = Transform3D(0.347789, 0.00806077, -0.937538, -0.151323, 0.987336, -0.0476457, 0.92528, 0.158441, 0.344604, 33.8406, 20.2222, -130.707)
bone_name = "LeftHand"
bone_idx = 9

[node name="RevolverOffset" type="Node3D" parent="Armature/Skeleton3D/GunLeft" index="0"]
transform = Transform3D(0.0806526, -0.991564, 0.10147, 0.0273704, 0.103966, 0.994204, -0.996366, -0.0774079, 0.0355246, -1.31248, 11.6363, 1.79798)

[node name="Revolver" parent="Armature/Skeleton3D/GunLeft/RevolverOffset" index="0" instance=ExtResource("4_sniym")]
visible = false

[node name="ShotgunOffset" type="Node3D" parent="Armature/Skeleton3D/GunLeft" index="1"]
transform = Transform3D(0.089244, -0.990811, 0.101637, 0.0254452, 0.104278, 0.994223, -0.995685, -0.0861423, 0.0345176, 0, 14.5, 2.5)

[node name="Shotgun" parent="Armature/Skeleton3D/GunLeft/ShotgunOffset" index="0" instance=ExtResource("5_0ewll")]
visible = false

[node name="Physical Bone Hips" type="PhysicalBone3D" parent="Armature/Skeleton3D" index="11"]
transform = Transform3D(0.98449, -0.173066, -0.000248889, 0.170533, 0.97019, -0.169493, 0.0295928, 0.166892, 0.985038, 0.528139, 5.92201, -122.247)
collision_layer = 256
collision_mask = 2
joint_offset = Transform3D(1, 0, 0, 0, 1, 0, 0, 0, 1, 0.00035848, 0.028682, 5.72307)
body_offset = Transform3D(0.999589, -6.30319e-06, 1.58325e-07, -6.0536e-07, 0.00411731, -0.999505, 1.24723e-05, 0.999528, 0.00411424, -0.000359058, 5.72012, -0.0522146)
bone_name = "Hips"

[node name="CollisionShape3D" type="CollisionShape3D" parent="Armature/Skeleton3D/Physical Bone Hips" index="0"]
transform = Transform3D(1, 0, 0, 0, 0, 1, 0, -1, 0, 0, 0, 0)
shape = SubResource("CapsuleShape3D_2d3qa")

[node name="Physical Bone Spine" type="PhysicalBone3D" parent="Armature/Skeleton3D" index="12"]
transform = Transform3D(0.984775, -0.170707, 0.0294208, 0.170472, 0.926835, -0.335956, 0.0300585, 0.336627, 0.941439, -0.212751, 11.9513, -132.254)
collision_layer = 256
collision_mask = 0
joint_type = 1
joint_offset = Transform3D(1, 0, 0, 0, 1, 0, 0, 0, 1, 0.000122354, -0.00956052, 6.31177)
body_offset = Transform3D(0.999873, 1.16378e-05, 1.63913e-07, -7.07805e-08, -0.000831872, -1.00002, -2.39909e-06, 1.00074, -0.000315428, -0.000123262, 6.31189, 0.0115585)
bone_name = "Spine"
joint_constraints/bias = 0.3
joint_constraints/damping = 1.0
joint_constraints/impulse_clamp = 0.0

[node name="CollisionShape3D" type="CollisionShape3D" parent="Armature/Skeleton3D/Physical Bone Spine" index="0"]
transform = Transform3D(1, 0, 0, 0, 0, 1, 0, -1, 0, 0, 0, 0)
shape = SubResource("CapsuleShape3D_j8ex4")

[node name="Physical Bone Spine1" type="PhysicalBone3D" parent="Armature/Skeleton3D" index="13"]
transform = Transform3D(0.984397, -0.172755, 0.00533236, 0.170404, 0.962497, -0.203308, 0.030047, 0.200965, 0.978321, -0.463031, 15.8578, -146.237)
collision_layer = 256
collision_mask = 0
joint_type = 1
joint_offset = Transform3D(1, 0, 0, 0, 1, 0, 0, 0, 1, 0.000957478, 0.0129698, 7.23796)
body_offset = Transform3D(0.999489, -3.62098e-06, 1.41561e-07, -2.23517e-07, -1.09524e-05, -0.999237, -4.39584e-06, 0.998315, -6.57141e-06, -0.000957966, 7.23244, -0.0129004)
bone_name = "Spine1"
joint_constraints/bias = 0.3
joint_constraints/damping = 1.0
joint_constraints/impulse_clamp = 0.0

[node name="CollisionShape3D" type="CollisionShape3D" parent="Armature/Skeleton3D/Physical Bone Spine1" index="0"]
transform = Transform3D(1, 0, 0, 0, 0, 1, 0, -1, 0, 0, 0, 0)
shape = SubResource("CapsuleShape3D_npsml")

[node name="Physical Bone Spine2" type="PhysicalBone3D" parent="Armature/Skeleton3D" index="14"]
transform = Transform3D(0.990945, 0.0403323, -0.0391065, -0.0471967, 0.97722, -0.20622, 0.0296793, 0.207761, 0.977625, -0.158409, 19.8104, -162.573)
collision_layer = 256
collision_mask = 0
joint_type = 1
joint_offset = Transform3D(1, 0, 0, 0, 1, 0, 0, 0, 1, 0.000751704, -0.508576, 8.45639)
body_offset = Transform3D(0.992512, 9.29087e-06, -2.66358e-07, 4.00096e-06, -3.99798e-05, -0.999903, 2.6077e-06, 0.999875, -2.70009e-05, -0.000739098, 8.45555, 0.508741)
bone_name = "Spine2"
joint_constraints/bias = 0.3
joint_constraints/damping = 1.0
joint_constraints/impulse_clamp = 0.0

[node name="CollisionShape3D" type="CollisionShape3D" parent="Armature/Skeleton3D/Physical Bone Spine2" index="0"]
transform = Transform3D(1, 0, 0, 0, 0, 1, 0, -1, 0, 0, 0, 0)
shape = SubResource("CapsuleShape3D_hu7sx")

[node name="Physical Bone Neck" type="PhysicalBone3D" parent="Armature/Skeleton3D" index="15"]
transform = Transform3D(-0.998332, -0.0264294, -0.0496648, 0.0475566, -0.867342, -0.497433, -0.0299052, -0.497184, 0.866723, 0.410454, 23.0205, -174.962)
collision_layer = 256
collision_mask = 0
joint_type = 1
joint_offset = Transform3D(1, 0, 0, 0, 1, 0, 0, 0, 1, 0.0440174, -0.103804, 3.87558)
body_offset = Transform3D(-0.999911, -9.30578e-06, -9.59635e-06, 2.14204e-06, 0.302327, -0.953187, 4.36604e-06, -0.953295, -0.304219, 0.0440497, 3.72554, 1.08007)
bone_name = "Neck"
joint_constraints/bias = 0.3
joint_constraints/damping = 1.0
joint_constraints/impulse_clamp = 0.0

[node name="CollisionShape3D" type="CollisionShape3D" parent="Armature/Skeleton3D/Physical Bone Neck" index="0"]
transform = Transform3D(1, 0, 0, 0, 0, 1, 0, -1, 0, 0, 0, 0)
shape = SubResource("CapsuleShape3D_5a66d")

[node name="Physical Bone LeftShoulder" type="PhysicalBone3D" parent="Armature/Skeleton3D" index="16"]
transform = Transform3D(-0.0429757, 0.96809, -0.246532, -0.977079, -0.0920453, -0.19126, -0.207852, 0.232728, 0.950042, 9.41821, 16.9285, -177.526)
collision_layer = 256
collision_mask = 0
joint_type = 1
joint_offset = Transform3D(1, 0, 0, 0, 1, 0, 0, 0, 1, -0.0197346, -0.0392061, 7.06699)
body_offset = Transform3D(0.999866, -1.92747e-05, 3.4228e-05, -2.27988e-05, 0.999916, 4.13805e-05, -3.17246e-05, -1.11759e-07, 0.999969, 0.0194893, 0.0389099, -7.06677)
bone_name = "LeftShoulder"
joint_constraints/bias = 0.3
joint_constraints/damping = 1.0
joint_constraints/impulse_clamp = 0.0

[node name="CollisionShape3D" type="CollisionShape3D" parent="Armature/Skeleton3D/Physical Bone LeftShoulder" index="0"]
transform = Transform3D(1, 0, 0, 0, 0, 1, 0, -1, 0, 0, 0, 0)
shape = SubResource("CapsuleShape3D_a256h")

[node name="Physical Bone LeftArm" type="PhysicalBone3D" parent="Armature/Skeleton3D" index="17"]
transform = Transform3D(-0.120147, 0.304603, -0.943985, -0.896187, -0.441256, -0.028305, -0.425458, 0.843112, 0.326194, 34.4993, 13.6393, -171.561)
collision_layer = 256
collision_mask = 0
joint_type = 1
joint_offset = Transform3D(1, 0, 0, 0, 1, 0, 0, 0, 1, -0.9252, -0.101588, 12.4967)
body_offset = Transform3D(0.9993, 0.000188798, 3.78191e-05, -4.73261e-05, 0.999163, -0.000105951, -3.63849e-05, 7.35205e-05, 0.999155, 0.924099, 0.102783, -12.4862)
bone_name = "LeftArm"
joint_constraints/bias = 0.3
joint_constraints/damping = 1.0
joint_constraints/impulse_clamp = 0.0

[node name="CollisionShape3D" type="CollisionShape3D" parent="Armature/Skeleton3D/Physical Bone LeftArm" index="0"]
transform = Transform3D(1, 0, 0, 0, 0, 1, 0, -1, 0, 0, 0, 0)
shape = SubResource("CapsuleShape3D_636b5")

[node name="Physical Bone LeftForeArm" type="PhysicalBone3D" parent="Armature/Skeleton3D" index="18"]
transform = Transform3D(0.871736, -0.465734, -0.149276, -0.396624, -0.494513, -0.772589, 0.286112, 0.733052, -0.616245, 32.765, 11.0985, -137.984)
collision_layer = 256
collision_mask = 0
joint_type = 1
joint_offset = Transform3D(1, 0, 0, 0, 1, 0, 0, 0, 1, -0.590315, -0.260321, 11.311)
body_offset = Transform3D(0.999547, -0.000157803, -0.000115991, -9.94802e-05, 5.97239e-05, -0.999467, 3.06964e-05, 0.999408, -0.000101864, 0.591318, 11.3049, 0.261337)
bone_name = "LeftForeArm"
joint_constraints/bias = 0.3
joint_constraints/damping = 1.0
joint_constraints/impulse_clamp = 0.0

[node name="CollisionShape3D" type="CollisionShape3D" parent="Armature/Skeleton3D/Physical Bone LeftForeArm" index="0"]
transform = Transform3D(1, 0, 0, 0, 0, 1, 0, -1, 0, 0, 0, 0)
shape = SubResource("CapsuleShape3D_luvrm")

[node name="Physical Bone LeftHand" type="PhysicalBone3D" parent="Armature/Skeleton3D" index="19"]
transform = Transform3D(0.337674, 0.771937, 0.537063, 0.146629, 0.520969, -0.838469, -0.92872, 0.362588, 0.0623615, 31.9919, 22.5713, -130.637)
collision_layer = 256
collision_mask = 0
joint_type = 1
joint_offset = Transform3D(1, 0, 0, 0, 1, 0, 0, 0, 1, 0.343757, 0.176972, 2.97173)
body_offset = Transform3D(-0.764076, 0.525133, 0.371366, 0.000346094, 0.578043, -0.81364, -0.64361, -0.623593, -0.442078, -0.933876, 2.3155, 1.64534)
bone_name = "LeftHand"
joint_constraints/bias = 0.3
joint_constraints/damping = 1.0
joint_constraints/impulse_clamp = 0.0

[node name="CollisionShape3D" type="CollisionShape3D" parent="Armature/Skeleton3D/Physical Bone LeftHand" index="0"]
transform = Transform3D(1, 0, 0, 0, 0, 1, 0, -1, 0, 0, 0, 0)
shape = SubResource("CapsuleShape3D_aknu0")

[node name="Physical Bone RightShoulder" type="PhysicalBone3D" parent="Armature/Skeleton3D" index="20"]
transform = Transform3D(0.0412289, 0.168654, 0.98449, 0.977117, -0.211442, -0.0046289, 0.207763, 0.962711, -0.174011, -14.6981, 25.5169, -166.958)
collision_layer = 256
collision_mask = 0
joint_type = 1
joint_offset = Transform3D(1, 0, 0, 0, 1, 0, 0, 0, 1, 0.410892, -1.01297, 7.55827)
body_offset = Transform3D(0.999811, 0.000349894, -8.66391e-05, -3.72529e-09, 0.00125517, -0.999761, 1.56462e-05, 0.999981, 0.000749191, -0.409805, 7.55774, 1.00728)
bone_name = "RightShoulder"
joint_constraints/bias = 0.3
joint_constraints/damping = 1.0
joint_constraints/impulse_clamp = 0.0

[node name="CollisionShape3D" type="CollisionShape3D" parent="Armature/Skeleton3D/Physical Bone RightShoulder" index="0"]
transform = Transform3D(1, 0, 0, 0, 0, 1, 0, -1, 0, 0, 0, 0)
shape = SubResource("CapsuleShape3D_k1mnf")

[node name="Physical Bone RightArm" type="PhysicalBone3D" parent="Armature/Skeleton3D" index="21"]
transform = Transform3D(-0.0386941, 0.984506, 0.160662, 0.911191, -0.0308938, 0.40895, 0.408458, 0.162316, -0.896992, -24.3486, 20.9675, -154.995)
collision_layer = 256
collision_mask = 0
joint_type = 1
joint_offset = Transform3D(1, 0, 0, 0, 1, 0, 0, 0, 1, 0.00646138, -0.504819, 12.6598)
body_offset = Transform3D(0.999301, -2.69674e-05, 0.000124991, 9.33409e-05, 8.55103e-05, -0.998823, 8.14069e-05, 0.998275, 2.799e-05, -0.00805283, 12.6449, 0.503593)
bone_name = "RightArm"
joint_constraints/bias = 0.3
joint_constraints/damping = 1.0
joint_constraints/impulse_clamp = 0.0

[node name="CollisionShape3D" type="CollisionShape3D" parent="Armature/Skeleton3D/Physical Bone RightArm" index="0"]
transform = Transform3D(1, 0, 0, 0, 0, 1, 0, -1, 0, 0, 0, 0)
shape = SubResource("CapsuleShape3D_1hh1q")

[node name="Physical Bone RightForeArm" type="PhysicalBone3D" parent="Armature/Skeleton3D" index="22"]
transform = Transform3D(0.822365, 0.506478, 0.257565, 0.556818, -0.62829, -0.542447, -0.112931, 0.58969, -0.799158, -29.2645, 21.5114, -133.661)
collision_layer = 256
collision_mask = 0
joint_type = 1
joint_offset = Transform3D(1, 0, 0, 0, 1, 0, 0, 0, 1, -0.377818, -0.680884, 11.3973)
body_offset = Transform3D(0.999542, 2.22325e-05, 0.000240058, 0.000222296, -7.5981e-05, -0.999621, 5.07087e-05, 0.999501, -6.64294e-05, 0.374924, 11.393, 0.68132)
bone_name = "RightForeArm"
joint_constraints/bias = 0.3
joint_constraints/damping = 1.0
joint_constraints/impulse_clamp = 0.0

[node name="CollisionShape3D" type="CollisionShape3D" parent="Armature/Skeleton3D/Physical Bone RightForeArm" index="0"]
transform = Transform3D(1, 0, 0, 0, 0, 1, 0, -1, 0, 0, 0, 0)
shape = SubResource("CapsuleShape3D_6gs88")

[node name="Physical Bone RightHand" type="PhysicalBone3D" parent="Armature/Skeleton3D" index="23"]
transform = Transform3D(0.655303, -0.639037, -0.400995, 0.074608, 0.583391, -0.808102, 0.750682, 0.499597, 0.430301, -31.0424, 29.9372, -125.334)
collision_layer = 256
collision_mask = 0
joint_type = 1
joint_offset = Transform3D(1, 0, 0, 0, 1, 0, 0, 0, 1, -0.395497, 0.207207, 2.88762)
body_offset = Transform3D(-0.761681, -0.529391, -0.371265, -0.000209793, 0.573808, -0.818355, 0.646802, -0.623538, -0.43754, 0.880524, 2.24412, 1.64846)
bone_name = "RightHand"
joint_constraints/bias = 0.3
joint_constraints/damping = 1.0
joint_constraints/impulse_clamp = 0.0

[node name="CollisionShape3D" type="CollisionShape3D" parent="Armature/Skeleton3D/Physical Bone RightHand" index="0"]
transform = Transform3D(1, 0, 0, 0, 0, 1, 0, -1, 0, 0, 0, 0)
shape = SubResource("CapsuleShape3D_wc1s6")

[node name="Physical Bone LeftUpLeg" type="PhysicalBone3D" parent="Armature/Skeleton3D" index="24"]
transform = Transform3D(-0.959793, -0.277829, -0.00603331, -0.256222, 0.893629, -0.365364, 0.106701, -0.348291, -0.92934, 8.73781, 17.8214, -86.5259)
collision_layer = 256
collision_mask = 0
joint_type = 1
joint_offset = Transform3D(1, 0, 0, 0, 1, 0, 0, 0, 1, 0.178588, -0.521903, 24.8753)
body_offset = Transform3D(0.9952, 0.0509814, -0.0723213, -0.0791116, 0.143079, -0.985303, -0.0394052, 0.986912, 0.145423, 1.64789, 24.5985, -3.09533)
bone_name = "LeftUpLeg"
joint_constraints/bias = 0.3
joint_constraints/damping = 1.0
joint_constraints/impulse_clamp = 0.0

[node name="CollisionShape3D" type="CollisionShape3D" parent="Armature/Skeleton3D/Physical Bone LeftUpLeg" index="0"]
transform = Transform3D(1, 0, 0, 0, 0, 1, 0, -1, 0, 0, 0, 0)
shape = SubResource("CapsuleShape3D_xse82")

[node name="Physical Bone RightUpLeg" type="PhysicalBone3D" parent="Armature/Skeleton3D" index="25"]
transform = Transform3D(-0.835102, 0.54248, -0.076433, 0.482298, 0.793448, 0.366811, 0.259669, 0.269629, -0.925878, -6.62154, -4.16837, -87.5141)
collision_layer = 256
collision_mask = 0
joint_type = 1
joint_offset = Transform3D(1, 0, 0, 0, 1, 0, 0, 0, 1, 0.349668, 0.42723, 24.4522)
body_offset = Transform3D(0.99585, 0.0511114, -0.0550673, -0.0527382, -0.0511941, -0.996124, -0.0541686, 0.995645, -0.0484539, 0.976461, 24.3977, 0.778374)
bone_name = "RightUpLeg"
joint_constraints/bias = 0.3
joint_constraints/damping = 1.0
joint_constraints/impulse_clamp = 0.0

[node name="CollisionShape3D" type="CollisionShape3D" parent="Armature/Skeleton3D/Physical Bone RightUpLeg" index="0"]
transform = Transform3D(1, 0, 0, 0, 0, 1, 0, -1, 0, 0, 0, 0)
shape = SubResource("CapsuleShape3D_wmqjl")

[node name="Physical Bone LeftFoot" type="PhysicalBone3D" parent="Armature/Skeleton3D" index="26"]
transform = Transform3D(-0.999805, -0.0300858, -0.0243163, 0.0376363, -0.611015, -0.791346, 0.00883975, -0.791687, 0.611635, 12.7752, 67.909, -35.9558)
collision_layer = 256
collision_mask = 0
joint_type = 1
joint_offset = Transform3D(1, 0, 0, 0, 1, 0, 0, 0, 1, -0.138206, 0.0849651, 14.383)
body_offset = Transform3D(1.00055, -0.00122786, 0.00155636, 0.00155407, -0.0499423, -0.999212, 0.00139242, 0.99926, -0.049906, 0.116001, 14.3761, 0.633087)
bone_name = "LeftFoot"
joint_constraints/bias = 0.3
joint_constraints/damping = 1.0
joint_constraints/impulse_clamp = 0.0

[node name="CollisionShape3D" type="CollisionShape3D" parent="Armature/Skeleton3D/Physical Bone LeftFoot" index="0"]
transform = Transform3D(1, 0, 0, 0, 0, 1, 0, -1, 0, 0, 0, 0)
shape = SubResource("CapsuleShape3D_ggbwr")

[node name="Physical Bone RightFoot" type="PhysicalBone3D" parent="Armature/Skeleton3D" index="27"]
transform = Transform3D(-0.998458, 0.0295397, 0.0214073, 0.0311063, 0.995877, 0.0777249, -0.0190446, 0.0783466, -0.996175, -11.6226, -63.4039, -54.4255)
collision_layer = 256
collision_mask = 0
joint_type = 1
joint_offset = Transform3D(1, 0, 0, 0, 1, 0, 0, 0, 1, -0.903243, 0.579565, 19.1271)
body_offset = Transform3D(0.999121, 0.00109886, -0.00205488, -0.00194003, -0.106259, -0.993764, -0.00132049, 0.993724, -0.106271, 0.941116, 19.0677, 1.45554)
bone_name = "RightFoot"
joint_constraints/bias = 0.3
joint_constraints/damping = 1.0
joint_constraints/impulse_clamp = 0.0

[node name="CollisionShape3D" type="CollisionShape3D" parent="Armature/Skeleton3D/Physical Bone RightFoot" index="0"]
transform = Transform3D(1, 0, 0, 0, -4.37114e-08, 1, 0, -1, -4.37114e-08, 0, 0, 0)
shape = SubResource("CapsuleShape3D_6e8we")

[node name="AnimationTree" type="AnimationTree" parent="AnimationPlayer" index="0"]
tree_root = SubResource("AnimationNodeBlendTree_w3rwk")
anim_player = NodePath("..")
active = true
parameters/Blend2/blend_amount = 0.0
parameters/TimeScale/scale = 1.35
parameters/idleWalk/blend_amount = 1.0
parameters/shootAngle/blend_position = 0.0
parameters/walkShoot/blend_amount = 0.0
