[gd_scene load_steps=34 format=3 uid="uid://defh7881nafg6"]

[ext_resource type="PackedScene" uid="uid://dc7yg2qhkdo77" path="res://Assets/Models/Russel/Russel.gltf" id="1_mysin"]
[ext_resource type="Material" uid="uid://db86surtvq6n" path="res://Assets/Models/Russel/Cloth.tres" id="2_s1b86"]
[ext_resource type="Material" uid="uid://bpklw4u7vb50" path="res://Assets/Materials/Silhouette.tres" id="2_xg711"]
[ext_resource type="Material" uid="uid://fn54vf75rioo" path="res://Assets/Models/Russel/Body.tres" id="3_bsnhw"]
[ext_resource type="PackedScene" uid="uid://cy6xi4epix5ju" path="res://Prefabs/Revolver.tscn" id="4_sniym"]
[ext_resource type="PackedScene" uid="uid://c865wqlp5lwla" path="res://Prefabs/Shotgun.tscn" id="5_0ewll"]

[sub_resource type="CapsuleShape3D" id="CapsuleShape3D_2d3qa"]
radius = 1.16878
height = 11.6878

[sub_resource type="CapsuleShape3D" id="CapsuleShape3D_j8ex4"]
radius = 1.36358
height = 13.6358

[sub_resource type="CapsuleShape3D" id="CapsuleShape3D_npsml"]
radius = 1.55838
height = 15.5838

[sub_resource type="CapsuleShape3D" id="CapsuleShape3D_hu7sx"]
radius = 1.75318
height = 17.5318

[sub_resource type="CapsuleShape3D" id="CapsuleShape3D_5a66d"]
radius = 0.719945
height = 7.19945

[sub_resource type="CapsuleShape3D" id="CapsuleShape3D_a256h"]
radius = 1.56418
height = 15.6418

[sub_resource type="CapsuleShape3D" id="CapsuleShape3D_636b5"]
radius = 2.59074
height = 25.9074

[sub_resource type="CapsuleShape3D" id="CapsuleShape3D_luvrm"]
radius = 2.30962
height = 23.0962

[sub_resource type="CapsuleShape3D" id="CapsuleShape3D_aknu0"]
radius = 0.696025
height = 6.96025

[sub_resource type="CapsuleShape3D" id="CapsuleShape3D_k1mnf"]
radius = 1.56418
height = 15.6418

[sub_resource type="CapsuleShape3D" id="CapsuleShape3D_1hh1q"]
radius = 2.5945
height = 25.945

[sub_resource type="CapsuleShape3D" id="CapsuleShape3D_6gs88"]
radius = 2.31952
height = 23.1952

[sub_resource type="CapsuleShape3D" id="CapsuleShape3D_wc1s6"]
radius = 0.682567
height = 6.82567

[sub_resource type="CapsuleShape3D" id="CapsuleShape3D_xse82"]
radius = 4.87967
height = 48.7967

[sub_resource type="CapsuleShape3D" id="CapsuleShape3D_wmqjl"]
radius = 4.87926
height = 48.7926

[sub_resource type="CapsuleShape3D" id="CapsuleShape3D_ggbwr"]
radius = 2.26683
height = 22.6683

[sub_resource type="CapsuleShape3D" id="CapsuleShape3D_6e8we"]
radius = 2.25205
height = 22.5205

[sub_resource type="AnimationNodeAnimation" id="AnimationNodeAnimation_oy2ry"]
animation = &"T Pose"

[sub_resource type="AnimationNodeTimeScale" id="AnimationNodeTimeScale_gj1ff"]

[sub_resource type="AnimationNodeBlend2" id="AnimationNodeBlend2_6hrub"]

[sub_resource type="AnimationNodeAnimation" id="AnimationNodeAnimation_u1y76"]
animation = &"Aim_01_STATIC"

[sub_resource type="AnimationNodeAnimation" id="AnimationNodeAnimation_f845a"]
animation = &"Aim_02_STATIC"

[sub_resource type="AnimationNodeAnimation" id="AnimationNodeAnimation_pam8m"]
animation = &"Aim_03_STATIC"

[sub_resource type="AnimationNodeBlendSpace1D" id="AnimationNodeBlendSpace1D_2n32u"]
blend_point_0/node = SubResource("AnimationNodeAnimation_u1y76")
blend_point_0/pos = 0.0
blend_point_1/node = SubResource("AnimationNodeAnimation_f845a")
blend_point_1/pos = -1.0
blend_point_2/node = SubResource("AnimationNodeAnimation_pam8m")
blend_point_2/pos = 1.0

[sub_resource type="AnimationNodeAnimation" id="AnimationNodeAnimation_2678m"]
animation = &"Walk_Liz"

[sub_resource type="AnimationNodeBlend2" id="AnimationNodeBlend2_40ywp"]
filter_enabled = true
filters = ["Armature/Skeleton3D:Head", "Armature/Skeleton3D:LeftArm", "Armature/Skeleton3D:LeftForeArm", "Armature/Skeleton3D:LeftHand", "Armature/Skeleton3D:LeftHandIndex1", "Armature/Skeleton3D:LeftHandIndex2", "Armature/Skeleton3D:LeftHandIndex3", "Armature/Skeleton3D:LeftHandRing1", "Armature/Skeleton3D:LeftHandRing2", "Armature/Skeleton3D:LeftHandRing3", "Armature/Skeleton3D:LeftHandThumb1", "Armature/Skeleton3D:LeftHandThumb2", "Armature/Skeleton3D:LeftHandThumb3", "Armature/Skeleton3D:LeftShoulder", "Armature/Skeleton3D:Neck", "Armature/Skeleton3D:RightArm", "Armature/Skeleton3D:RightForeArm", "Armature/Skeleton3D:RightHand", "Armature/Skeleton3D:RightHandIndex1", "Armature/Skeleton3D:RightHandIndex2", "Armature/Skeleton3D:RightHandIndex3", "Armature/Skeleton3D:RightHandRing1", "Armature/Skeleton3D:RightHandRing2", "Armature/Skeleton3D:RightHandRing3", "Armature/Skeleton3D:RightHandThumb1", "Armature/Skeleton3D:RightHandThumb2", "Armature/Skeleton3D:RightHandThumb3", "Armature/Skeleton3D:RightShoulder", "Armature/Skeleton3D:Spine", "Armature/Skeleton3D:Spine1", "Armature/Skeleton3D:Spine2"]

[sub_resource type="AnimationNodeBlendTree" id="AnimationNodeBlendTree_w3rwk"]
graph_offset = Vector2(-121.258, 114.426)
"nodes/Animation 2/node" = SubResource("AnimationNodeAnimation_oy2ry")
"nodes/Animation 2/position" = Vector2(700, 40)
nodes/TimeScale/node = SubResource("AnimationNodeTimeScale_gj1ff")
nodes/TimeScale/position = Vector2(480, 260)
nodes/idleWalk/node = SubResource("AnimationNodeBlend2_6hrub")
nodes/idleWalk/position = Vector2(920, 180)
nodes/output/position = Vector2(1160, 180)
nodes/shootAngle/node = SubResource("AnimationNodeBlendSpace1D_2n32u")
nodes/shootAngle/position = Vector2(460, 420)
nodes/walk/node = SubResource("AnimationNodeAnimation_2678m")
nodes/walk/position = Vector2(320, 260)
nodes/walkShoot/node = SubResource("AnimationNodeBlend2_40ywp")
nodes/walkShoot/position = Vector2(700, 240)
node_connections = [&"output", 0, &"idleWalk", &"TimeScale", 0, &"walk", &"idleWalk", 0, &"Animation 2", &"idleWalk", 1, &"walkShoot", &"walkShoot", 0, &"TimeScale", &"walkShoot", 1, &"shootAngle"]

[node name="Russel" instance=ExtResource("1_mysin")]

[node name="Armature" parent="." index="0"]
transform = Transform3D(0.01, 0, 0, 0, -4.37114e-10, -0.01, 0, 0.01, -4.37114e-10, 0, 0, 0)

[node name="Skeleton3D" parent="Armature" index="0"]
bones/0/position = Vector3(0.0831602, 5.73924, -112.449)
bones/6/rotation = Quaternion(-0.681876, -0.197407, 0.290498, -0.641629)
bones/7/rotation = Quaternion(0.292711, -0.42876, 0.361594, 0.774426)
bones/8/position = Vector3(1.54163e-08, 25.9074, 3.47211e-05)
bones/8/rotation = Quaternion(-0.000694592, -0.117414, 0.00275038, 0.993079)
bones/9/position = Vector3(-0.00671937, 23.0052, 0.582692)
bones/9/rotation = Quaternion(-0.15834, -0.0118863, 0.0916921, 0.983046)
bones/10/rotation = Quaternion(0.212619, 0.185202, 0.182932, 0.941822)
bones/11/position = Vector3(0.00950348, 5.43582, 0.0566622)
bones/11/rotation = Quaternion(0.189479, 0.248526, -0.253398, 0.91549)
bones/12/position = Vector3(-0.0225616, 5.01889, -0.0821092)
bones/12/rotation = Quaternion(-0.0317541, 0.3425, -0.303849, 0.88846)
bones/13/position = Vector3(-3.93011, 17.4215, 0.0998463)
bones/13/rotation = Quaternion(-0.0889239, 0.194908, 0.0363837, 0.976104)
bones/14/rotation = Quaternion(0.478493, 0.121326, -0.0144951, 0.869549)
bones/15/rotation = Quaternion(0.435973, -0.211511, -0.189512, 0.853976)
bones/16/position = Vector3(1.3024, 16.9628, -0.00851109)
bones/16/rotation = Quaternion(-0.0309686, 0.00149801, -0.0482915, 0.998352)
bones/17/rotation = Quaternion(0.233892, 0.0305136, 0.000475941, 0.971784)
bones/18/position = Vector3(9.38773e-05, 3.49918, 1.96876e-06)
bones/18/rotation = Quaternion(0.038113, -1.06131e-07, 1.20869e-08, 0.999273)
bones/19/rotation = Quaternion(0.688997, -0.182031, 0.268183, 0.648248)
bones/20/position = Vector3(2.30912e-07, 15.6418, 1.74339e-07)
bones/20/rotation = Quaternion(0.10798, 0.042625, -0.424425, 0.897991)
bones/21/position = Vector3(-4.45679e-07, 25.945, 1.0521e-05)
bones/21/rotation = Quaternion(-0.00171728, -0.447362, -0.00233732, 0.894348)
bones/22/position = Vector3(0.020081, 23.1022, 0.641191)
bones/22/rotation = Quaternion(-0.182038, 0.813455, 0.0614763, 0.548975)
bones/23/position = Vector3(2.53696, 5.58791, 2.98816)
bones/23/rotation = Quaternion(0.165782, -0.431279, -0.0425527, 0.885835)
bones/24/position = Vector3(0.296524, 5.33149, 0.00207786)
bones/24/rotation = Quaternion(0.169937, -0.148914, 0.153475, 0.961973)
bones/25/position = Vector3(0.00907385, 5.08549, -0.035461)
bones/25/rotation = Quaternion(-0.0284939, -0.254203, 0.288175, 0.922781)
bones/26/position = Vector3(3.97332, 17.4168, 0.200302)
bones/26/rotation = Quaternion(0.135711, -0.438303, -0.026325, 0.888133)
bones/27/position = Vector3(-0.0180013, 3.8782, 5.51579e-06)
bones/28/position = Vector3(0.0083878, 3.64073, -2.26924e-05)
bones/29/position = Vector3(-1.32444, 17.0786, -0.0577725)
bones/30/position = Vector3(-0.0466867, 3.79247, 6.46738e-06)
bones/30/rotation = Quaternion(0.208192, 0.298986, -0.107915, 0.924996)
bones/31/position = Vector3(-0.00271678, 3.43109, -5.68612e-06)
bones/31/rotation = Quaternion(-0.008894, -6.3769e-08, -9.69778e-08, 0.99996)
bones/32/rotation = Quaternion(-0.19039, 0.111885, 0.974425, -0.0415852)
bones/33/position = Vector3(7.36592e-06, 48.7967, -4.38908e-06)
bones/33/rotation = Quaternion(-0.0532908, 0.000687547, -0.0205481, 0.998367)
bones/34/rotation = Quaternion(0.294862, 0.212681, 0.931567, -0.00251498)
bones/35/position = Vector3(-2.2766e-07, 48.7926, 8.28579e-07)
bones/35/rotation = Quaternion(-0.797721, 6.21164e-05, 0.403362, 0.448264)
bones/36/position = Vector3(33.2622, 37.0064, -141.107)
bones/36/rotation = Quaternion(-0.132546, -0.593633, 0.174041, 0.77443)
bones/37/position = Vector3(-33.5745, 15.4529, -126.027)
bones/37/rotation = Quaternion(0.12486, 0.709841, 0.154144, 0.675851)
bones/38/position = Vector3(-31.1294, -39.3985, -145.274)
bones/38/rotation = Quaternion(0.0126916, 2.88272e-22, 0.999919, -2.64698e-23)
bones/39/position = Vector3(12.8213, 25.8088, -12.7772)
bones/39/rotation = Quaternion(-0.00417408, -0.0494067, 0.99877, 0.000206481)
bones/40/position = Vector3(0.0137666, 0.116414, -0.264731)
bones/40/rotation = Quaternion(0.969684, -0.00918062, 0.0216956, 0.243225)
bones/41/position = Vector3(1.47211e-06, 22.6684, -1.20497e-05)
bones/41/rotation = Quaternion(0.434396, -0.0248036, -0.0218991, 0.900114)
bones/42/position = Vector3(-10.201, -16.9215, -72.6886)
bones/42/rotation = Quaternion(0.00615853, -0.280454, 0.959823, 0.00695509)
bones/43/position = Vector3(0.00061332, 0.00298271, 0.00406221)
bones/43/rotation = Quaternion(0.97551, 0.0121726, -0.0122717, 0.219274)
bones/44/rotation = Quaternion(0.202002, 0.0285332, 0.0123165, 0.978892)
bones/45/position = Vector3(19.022, 47.9484, -51.955)
bones/46/position = Vector3(-15.0204, 47.9003, -60.8159)
bones/46/rotation = Quaternion(-0.00676087, 0.999775, 0.00439307, 0.0196443)
bones/47/position = Vector3(31.0464, -39.8916, -145.606)

[node name="Belt" parent="Armature/Skeleton3D" index="0"]
material_override = ExtResource("2_xg711")
material_overlay = ExtResource("2_s1b86")

[node name="Boots" parent="Armature/Skeleton3D" index="1"]
material_override = ExtResource("2_xg711")
material_overlay = ExtResource("2_s1b86")

[node name="Face_Hair" parent="Armature/Skeleton3D" index="2"]
material_override = ExtResource("2_xg711")
material_overlay = ExtResource("3_bsnhw")

[node name="Glove" parent="Armature/Skeleton3D" index="3"]
material_override = ExtResource("2_xg711")
material_overlay = ExtResource("2_s1b86")

[node name="Hair" parent="Armature/Skeleton3D" index="4"]
material_override = ExtResource("2_xg711")
material_overlay = ExtResource("3_bsnhw")

[node name="Hat" parent="Armature/Skeleton3D" index="5"]
material_override = ExtResource("2_xg711")
material_overlay = ExtResource("2_s1b86")

[node name="Pants" parent="Armature/Skeleton3D" index="6"]
material_override = ExtResource("2_xg711")
material_overlay = ExtResource("2_s1b86")

[node name="Shirt" parent="Armature/Skeleton3D" index="7"]
material_override = ExtResource("2_xg711")
material_overlay = ExtResource("2_s1b86")

[node name="Skin2" parent="Armature/Skeleton3D" index="8"]
material_override = ExtResource("2_xg711")
material_overlay = ExtResource("3_bsnhw")

[node name="GunRight" type="BoneAttachment3D" parent="Armature/Skeleton3D" index="9"]
transform = Transform3D(0.226961, 0.0286375, 0.973483, -0.169737, 0.985433, 0.010584, -0.958999, -0.167638, 0.228516, -4.43744, 64.8435, -160.783)
bone_name = "RightHand"
bone_idx = 22

[node name="RevolverOffset" type="Node3D" parent="Armature/Skeleton3D/GunRight" index="0"]
transform = Transform3D(0.213206, 0.961684, -0.172357, 0.0290095, 0.170105, 0.984999, 0.976576, -0.215008, 0.00836935, 2.50012, 14.5, 2.49999)

[node name="Revolver" parent="Armature/Skeleton3D/GunRight/RevolverOffset" index="0" instance=ExtResource("4_sniym")]

[node name="ShotgunOffset" type="Node3D" parent="Armature/Skeleton3D/GunRight" index="1"]
transform = Transform3D(0.194826, 0.96561, -0.172165, 0.0254393, 0.170495, 0.98503, 0.980508, -0.196289, 0.00865229, 2.50014, 14.5, 2.5)

[node name="Shotgun" parent="Armature/Skeleton3D/GunRight/ShotgunOffset" index="0" instance=ExtResource("5_0ewll")]
visible = false

[node name="GunLeft" type="BoneAttachment3D" parent="Armature/Skeleton3D" index="10"]
transform = Transform3D(0.0862372, 0.0263945, -0.995925, 0.108426, 0.993463, 0.035718, 0.990357, -0.111064, 0.0828116, 4.22935, 64.0638, -162.493)
bone_name = "LeftHand"
bone_idx = 9

[node name="RevolverOffset" type="Node3D" parent="Armature/Skeleton3D/GunLeft" index="0"]
transform = Transform3D(0.0806526, -0.991564, 0.10147, 0.0273704, 0.103966, 0.994204, -0.996366, -0.0774079, 0.0355246, -1.31248, 11.6363, 1.79798)

[node name="Revolver" parent="Armature/Skeleton3D/GunLeft/RevolverOffset" index="0" instance=ExtResource("4_sniym")]
visible = false

[node name="ShotgunOffset" type="Node3D" parent="Armature/Skeleton3D/GunLeft" index="1"]
transform = Transform3D(0.089244, -0.990811, 0.101637, 0.0254452, 0.104278, 0.994223, -0.995685, -0.0861423, 0.0345176, 0, 14.5, 2.5)

[node name="Shotgun" parent="Armature/Skeleton3D/GunLeft/ShotgunOffset" index="0" instance=ExtResource("5_0ewll")]
visible = false

[node name="Physical Bone Hips" type="PhysicalBone3D" parent="Armature/Skeleton3D" index="11"]
transform = Transform3D(1, 0, 0, 0, 0.999992, 0.00408483, 0, -0.00408483, 0.999992, 0.118372, 5.5527, -118.511)
collision_layer = 256
collision_mask = 2
joint_offset = Transform3D(1, 0, 0, 0, 1, 0, 0, 0, 1, 0.00014171, 0.0315766, 5.7276)
body_offset = Transform3D(1, 0, 0, 0, 0.00408483, -0.999992, 0, 0.999992, 0.00408483, -0.00014171, 5.72742, -0.0549726)
bone_name = "Hips"

[node name="CollisionShape3D" type="CollisionShape3D" parent="Armature/Skeleton3D/Physical Bone Hips" index="0"]
transform = Transform3D(1, 0, 0, 0, 0, 1, 0, -1, 0, 0, 0, 0)
shape = SubResource("CapsuleShape3D_2d3qa")

[node name="Physical Bone Spine" type="PhysicalBone3D" parent="Armature/Skeleton3D" index="12"]
transform = Transform3D(1, 0, 0, 0, 0.999992, 0.00408478, 0, -0.00408478, 0.999992, 0.118244, 5.52813, -130.936)
collision_layer = 256
collision_mask = 0
joint_type = 1
joint_offset = Transform3D(1, 0, 0, 0, 1, 0, 0, 0, 1, 0.000269562, 0.00539563, 6.4638)
body_offset = Transform3D(1, 0, 0, 0, 4.00469e-08, -1, 0, 1, 4.00469e-08, -0.000269562, 6.46381, -0.00539589)
bone_name = "Spine"
joint_constraints/bias = 0.3
joint_constraints/damping = 1.0
joint_constraints/impulse_clamp = 0.0

[node name="CollisionShape3D" type="CollisionShape3D" parent="Armature/Skeleton3D/Physical Bone Spine" index="0"]
transform = Transform3D(1, 0, 0, 0, 0, 1, 0, -1, 0, 0, 0, 0)
shape = SubResource("CapsuleShape3D_j8ex4")

[node name="Physical Bone Spine1" type="PhysicalBone3D" parent="Armature/Skeleton3D" index="13"]
transform = Transform3D(1, 0, 0, 0, 0.999992, 0.00408479, 0, -0.00408479, 0.999992, 0.118244, 5.45619, -145.466)
collision_layer = 256
collision_mask = 0
joint_type = 1
joint_offset = Transform3D(1, 0, 0, 0, 1, 0, 0, 0, 1, 0.000269562, 0.0179784, 7.35814)
body_offset = Transform3D(1, 0, 0, 0, 3.49246e-08, -1, 0, 1, 3.49246e-08, -0.000269562, 7.35814, -0.0179787)
bone_name = "Spine1"
joint_constraints/bias = 0.3
joint_constraints/damping = 1.0
joint_constraints/impulse_clamp = 0.0

[node name="CollisionShape3D" type="CollisionShape3D" parent="Armature/Skeleton3D/Physical Bone Spine1" index="0"]
transform = Transform3D(1, 0, 0, 0, 0, 1, 0, -1, 0, 0, 0, 0)
shape = SubResource("CapsuleShape3D_npsml")

[node name="Physical Bone Spine2" type="PhysicalBone3D" parent="Armature/Skeleton3D" index="14"]
transform = Transform3D(0.993493, 0, 0, 0, 0.999992, 0.00408475, 0, -0.00408475, 0.999992, 0.118319, 5.91123, -162.253)
collision_layer = 256
collision_mask = 0
joint_type = 1
joint_offset = Transform3D(1, 0, 0, 0, 1, 0, 0, 0, 1, 0.000195636, -0.505625, 8.5594)
body_offset = Transform3D(0.993493, 0, 0, 0, 1.02445e-08, -1, 0, 1, 1.02445e-08, -0.000194363, 8.5594, 0.505625)
bone_name = "Spine2"
joint_constraints/bias = 0.3
joint_constraints/damping = 1.0
joint_constraints/impulse_clamp = 0.0

[node name="CollisionShape3D" type="CollisionShape3D" parent="Armature/Skeleton3D/Physical Bone Spine2" index="0"]
transform = Transform3D(1, 0, 0, 0, 0, 1, 0, -1, 0, 0, 0, 0)
shape = SubResource("CapsuleShape3D_hu7sx")

[node name="Physical Bone Neck" type="PhysicalBone3D" parent="Armature/Skeleton3D" index="15"]
transform = Transform3D(-1, 1.50996e-07, 3.06152e-15, -1.43932e-07, -0.953219, -0.30404, -4.56431e-08, -0.302281, 0.953219, 0.162816, 6.43859, -175.045)
collision_layer = 256
collision_mask = 0
joint_type = 1
joint_offset = Transform3D(1, 0, 0, 0, 1, 0, 0, 0, 1, 0.044302, -0.142488, 3.96479)
body_offset = Transform3D(-1, 1.50996e-07, 3.06152e-15, 4.56431e-08, 0.302281, -0.953219, -1.43932e-07, -0.953219, -0.304039, 0.044302, 3.82239, 1.06963)
bone_name = "Neck"
joint_constraints/bias = 0.3
joint_constraints/damping = 1.0
joint_constraints/impulse_clamp = 0.0

[node name="CollisionShape3D" type="CollisionShape3D" parent="Armature/Skeleton3D/Physical Bone Neck" index="0"]
transform = Transform3D(1, 0, 0, 0, 0, 1, 0, -1, 0, 0, 0, 0)
shape = SubResource("CapsuleShape3D_5a66d")

[node name="Physical Bone LeftShoulder" type="PhysicalBone3D" parent="Armature/Skeleton3D" index="16"]
transform = Transform3D(0.753283, 0.641994, -0.142841, -0.649061, 0.760723, -0.00379856, 0.106221, 0.0955799, 0.989737, 8.91931, 5.3752, -176.729)
collision_layer = 256
collision_mask = 0
joint_type = 1
joint_offset = Transform3D(1, 0, 0, 0, 1, 0, 0, 0, 1, -0.0330227, -0.0183525, 7.18447)
body_offset = Transform3D(0.999999, -5.96046e-08, -3.08803e-06, -8.9407e-08, 0.999996, 5.82193e-06, 1.64611e-07, 3.57395e-07, 0.999999, 0.0330448, 0.0183105, -7.18446)
bone_name = "LeftShoulder"
joint_constraints/bias = 0.3
joint_constraints/damping = 1.0
joint_constraints/impulse_clamp = 0.0

[node name="CollisionShape3D" type="CollisionShape3D" parent="Armature/Skeleton3D/Physical Bone LeftShoulder" index="0"]
transform = Transform3D(1, 0, 0, 0, 0, 1, 0, -1, 0, 0, 0, 0)
shape = SubResource("CapsuleShape3D_a256h")

[node name="Physical Bone LeftArm" type="PhysicalBone3D" parent="Armature/Skeleton3D" index="17"]
transform = Transform3D(0.352628, -0.267325, -0.896765, -0.0089231, 0.957321, -0.288889, 0.935701, 0.109874, 0.335195, 29.478, 20.9045, -171.466)
collision_layer = 256
collision_mask = 0
joint_type = 1
joint_offset = Transform3D(1, 0, 0, 0, 1, 0, 0, 0, 1, -0.927844, -0.0319647, 12.5573)
body_offset = Transform3D(0.999981, -2.14577e-06, -2.18204e-05, 2.87965e-06, 1, -2.41399e-06, 1.82351e-05, -2.98023e-08, 1, 0.928101, 0.0319977, -12.5573)
bone_name = "LeftArm"
joint_constraints/bias = 0.3
joint_constraints/damping = 1.0
joint_constraints/impulse_clamp = 0.0

[node name="CollisionShape3D" type="CollisionShape3D" parent="Armature/Skeleton3D/Physical Bone LeftArm" index="0"]
transform = Transform3D(1, 0, 0, 0, 0, 1, 0, -1, 0, 0, 0, 0)
shape = SubResource("CapsuleShape3D_636b5")

[node name="Physical Bone LeftForeArm" type="PhysicalBone3D" parent="Armature/Skeleton3D" index="18"]
transform = Transform3D(0.132297, -0.954468, 0.267373, -0.0706563, -0.278139, -0.957938, 0.988689, 0.10784, -0.104237, 7.85006, 52.7617, -163.533)
collision_layer = 256
collision_mask = 0
joint_type = 1
joint_offset = Transform3D(1, 0, 0, 0, 1, 0, 0, 0, 1, -0.559143, -0.191427, 11.2723)
body_offset = Transform3D(1, -4.30271e-07, -3.72529e-08, 4.76837e-07, -4.17233e-07, -1, -1.50874e-07, 1, -5.36442e-07, 0.559143, 11.2723, 0.191433)
bone_name = "LeftForeArm"
joint_constraints/bias = 0.3
joint_constraints/damping = 1.0
joint_constraints/impulse_clamp = 0.0

[node name="CollisionShape3D" type="CollisionShape3D" parent="Armature/Skeleton3D/Physical Bone LeftForeArm" index="0"]
transform = Transform3D(1, 0, 0, 0, 0, 1, 0, -1, 0, 0, 0, 0)
shape = SubResource("CapsuleShape3D_luvrm")

[node name="Physical Bone LeftHand" type="PhysicalBone3D" parent="Armature/Skeleton3D" index="19"]
transform = Transform3D(0.575634, 0.681962, 0.451191, -0.10594, 0.609322, -0.785815, -0.810821, 0.404547, 0.422993, 2.63985, 66.1935, -163.919)
collision_layer = 256
collision_mask = 0
joint_type = 1
joint_offset = Transform3D(1, 0, 0, 0, 1, 0, 0, 0, 1, 0.29003, 0.171689, 2.97172)
body_offset = Transform3D(-0.764847, 0.525523, 0.372621, -1.2666e-07, 0.578409, -0.815748, -0.644218, -0.623918, -0.442392, -0.975723, 2.32487, 1.60863)
bone_name = "LeftHand"
joint_constraints/bias = 0.3
joint_constraints/damping = 1.0
joint_constraints/impulse_clamp = 0.0

[node name="CollisionShape3D" type="CollisionShape3D" parent="Armature/Skeleton3D/Physical Bone LeftHand" index="0"]
transform = Transform3D(1, 0, 0, 0, 0, 1, 0, -1, 0, 0, 0, 0)
shape = SubResource("CapsuleShape3D_aknu0")

[node name="Physical Bone RightShoulder" type="PhysicalBone3D" parent="Armature/Skeleton3D" index="20"]
transform = Transform3D(0.789884, 0.133108, 0.598636, 0.605158, -0.0104873, -0.796029, -0.0993332, 0.991008, -0.0892921, -12.3433, 11.1191, -168.019)
collision_layer = 256
collision_mask = 0
joint_type = 1
joint_offset = Transform3D(1, 0, 0, 0, 1, 0, 0, 0, 1, 0.419618, -0.89831, 7.53727)
body_offset = Transform3D(1, 0.000353307, 5.96046e-08, 1.78814e-07, 0.00119931, -1, 7.40401e-08, 0.999962, 0.0007417, -0.419301, 7.53835, 0.892685)
bone_name = "RightShoulder"
joint_constraints/bias = 0.3
joint_constraints/damping = 1.0
joint_constraints/impulse_clamp = 0.0

[node name="CollisionShape3D" type="CollisionShape3D" parent="Armature/Skeleton3D/Physical Bone RightShoulder" index="0"]
transform = Transform3D(1, 0, 0, 0, 0, 1, 0, -1, 0, 0, 0, 0)
shape = SubResource("CapsuleShape3D_k1mnf")

[node name="Physical Bone RightArm" type="PhysicalBone3D" parent="Armature/Skeleton3D" index="21"]
transform = Transform3D(0.930706, 0.255751, -0.261492, -0.212549, -0.203656, -0.955692, -0.297674, 0.945048, -0.135184, -13.612, 29.772, -166.065)
collision_layer = 256
collision_mask = 0
joint_type = 1
joint_offset = Transform3D(1, 0, 0, 0, 1, 0, 0, 0, 1, 0.0413864, -0.462485, 12.5811)
body_offset = Transform3D(1, -5.58794e-07, 3.72529e-07, 4.17233e-07, 7.89762e-07, -1, 2.23517e-08, 1, 4.61936e-07, -0.0413914, 12.5811, 0.462479)
bone_name = "RightArm"
joint_constraints/bias = 0.3
joint_constraints/damping = 1.0
joint_constraints/impulse_clamp = 0.0

[node name="CollisionShape3D" type="CollisionShape3D" parent="Armature/Skeleton3D/Physical Bone RightArm" index="0"]
transform = Transform3D(1, 0, 0, 0, 0, 1, 0, -1, 0, 0, 0, 0)
shape = SubResource("CapsuleShape3D_1hh1q")

[node name="Physical Bone RightForeArm" type="PhysicalBone3D" parent="Armature/Skeleton3D" index="22"]
transform = Transform3D(0.762127, -0.590007, -0.266558, -0.292963, 0.0528732, -0.954659, 0.57735, 0.805665, -0.132554, -7.22501, 53.3999, -162.455)
collision_layer = 256
collision_mask = 0
joint_type = 1
joint_offset = Transform3D(1, 0, 0, 0, 1, 0, 0, 0, 1, -0.410271, -0.630749, 11.3732)
body_offset = Transform3D(0.999999, 3.28757e-07, 0, 7.15256e-07, -1.32248e-06, -0.999999, 4.28408e-07, 1, -3.09199e-07, 0.410271, 11.3732, 0.630753)
bone_name = "RightForeArm"
joint_constraints/bias = 0.3
joint_constraints/damping = 1.0
joint_constraints/impulse_clamp = 0.0

[node name="CollisionShape3D" type="CollisionShape3D" parent="Armature/Skeleton3D/Physical Bone RightForeArm" index="0"]
transform = Transform3D(1, 0, 0, 0, 0, 1, 0, -1, 0, 0, 0, 0)
shape = SubResource("CapsuleShape3D_6gs88")

[node name="Physical Bone RightHand" type="PhysicalBone3D" parent="Armature/Skeleton3D" index="23"]
transform = Transform3D(0.457036, -0.711333, -0.53397, 0.136242, 0.649241, -0.748281, 0.87895, 0.269242, 0.393639, -2.53986, 66.8147, -161.999)
collision_layer = 256
collision_mask = 0
joint_type = 1
joint_offset = Transform3D(1, 0, 0, 0, 1, 0, 0, 0, 1, -0.363256, 0.196627, 2.91465)
body_offset = Transform3D(-0.762307, -0.529848, -0.371679, 6.25849e-07, 0.574277, -0.818661, 0.647213, -0.624073, -0.437777, 0.910583, 2.27319, 1.63378)
bone_name = "RightHand"
joint_constraints/bias = 0.3
joint_constraints/damping = 1.0
joint_constraints/impulse_clamp = 0.0

[node name="CollisionShape3D" type="CollisionShape3D" parent="Armature/Skeleton3D/Physical Bone RightHand" index="0"]
transform = Transform3D(1, 0, 0, 0, 0, 1, 0, -1, 0, 0, 0, 0)
shape = SubResource("CapsuleShape3D_wc1s6")

[node name="Physical Bone LeftUpLeg" type="PhysicalBone3D" parent="Armature/Skeleton3D" index="24"]
transform = Transform3D(-0.918627, -0.393139, -0.0235948, -0.389122, 0.914817, -0.0984188, 0.0601757, -0.0805486, -0.994024, 9.35103, 11.5883, -81.6673)
collision_layer = 256
collision_mask = 0
joint_type = 1
joint_offset = Transform3D(1, 0, 0, 0, 1, 0, 0, 0, 1, 0.188977, -0.532855, 24.8245)
body_offset = Transform3D(0.995537, 0.0509192, -0.0723482, -0.0790568, 0.142653, -0.985867, -0.0395868, 0.987416, 0.145459, 1.63501, 24.5646, -3.07732)
bone_name = "LeftUpLeg"
joint_constraints/bias = 0.3
joint_constraints/damping = 1.0
joint_constraints/impulse_clamp = 0.0

[node name="CollisionShape3D" type="CollisionShape3D" parent="Armature/Skeleton3D/Physical Bone LeftUpLeg" index="0"]
transform = Transform3D(1, 0, 0, 0, 0, 1, 0, -1, 0, 0, 0, 0)
shape = SubResource("CapsuleShape3D_xse82")

[node name="Physical Bone RightUpLeg" type="PhysicalBone3D" parent="Armature/Skeleton3D" index="25"]
transform = Transform3D(-0.858647, 0.49958, -0.107247, 0.506716, 0.80587, -0.302526, -0.0649733, -0.314226, -0.946207, -5.86345, 15.5144, -83.0419)
collision_layer = 256
collision_mask = 0
joint_type = 1
joint_offset = Transform3D(1, 0, 0, 0, 1, 0, 0, 0, 1, 0.33801, 0.414756, 24.408)
body_offset = Transform3D(0.996271, 0.0510444, -0.0551635, -0.0527923, -0.0513792, -0.996456, -0.0539695, 0.996241, -0.048616, 0.988512, 24.3607, 0.791664)
bone_name = "RightUpLeg"
joint_constraints/bias = 0.3
joint_constraints/damping = 1.0
joint_constraints/impulse_clamp = 0.0

[node name="CollisionShape3D" type="CollisionShape3D" parent="Armature/Skeleton3D/Physical Bone RightUpLeg" index="0"]
transform = Transform3D(1, 0, 0, 0, 0, 1, 0, -1, 0, 0, 0, 0)
shape = SubResource("CapsuleShape3D_wmqjl")

[node name="Physical Bone LeftFoot" type="PhysicalBone3D" parent="Armature/Skeleton3D" index="26"]
transform = Transform3D(-0.999773, -0.030203, -0.0244308, 0.00593135, 0.504079, -0.864049, 0.0383704, -0.863619, -0.503447, 12.939, 44.7776, -6.88558)
collision_layer = 256
collision_mask = 0
joint_type = 1
joint_offset = Transform3D(1, 0, 0, 0, 1, 0, 0, 0, 1, -0.132683, 0.0892292, 14.3842)
body_offset = Transform3D(1.00052, -0.00122578, 0.00156348, 0.00151531, -0.0499853, -0.999066, 0.00135183, 0.999174, -0.0500028, 0.110373, 14.3754, 0.630274)
bone_name = "LeftFoot"
joint_constraints/bias = 0.3
joint_constraints/damping = 1.0
joint_constraints/impulse_clamp = 0.0

[node name="CollisionShape3D" type="CollisionShape3D" parent="Armature/Skeleton3D/Physical Bone LeftFoot" index="0"]
transform = Transform3D(1, 0, 0, 0, 0, 1, 0, -1, 0, 0, 0, 0)
shape = SubResource("CapsuleShape3D_ggbwr")

[node name="Physical Bone RightFoot" type="PhysicalBone3D" parent="Armature/Skeleton3D" index="27"]
transform = Transform3D(-0.999224, 0.0185619, 0.0105788, 0.0105454, 0.859312, -0.510866, -0.0185824, -0.510631, -0.859308, -11.3239, -14.381, -57.4953)
collision_layer = 256
collision_mask = 0
joint_type = 1
joint_offset = Transform3D(1, 0, 0, 0, 1, 0, 0, 0, 1, -0.909954, 0.583149, 19.1188)
body_offset = Transform3D(0.999449, 0.00109236, -0.00206725, -0.00194899, -0.10649, -0.994062, -0.00130406, 0.994063, -0.106495, 0.948339, 19.0656, 1.45518)
bone_name = "RightFoot"
joint_constraints/bias = 0.3
joint_constraints/damping = 1.0
joint_constraints/impulse_clamp = 0.0

[node name="CollisionShape3D" type="CollisionShape3D" parent="Armature/Skeleton3D/Physical Bone RightFoot" index="0"]
transform = Transform3D(1, 0, 0, 0, -4.37114e-08, 1, 0, -1, -4.37114e-08, 0, 0, 0)
shape = SubResource("CapsuleShape3D_6e8we")

[node name="AnimationTree" type="AnimationTree" parent="AnimationPlayer" index="0"]
tree_root = SubResource("AnimationNodeBlendTree_w3rwk")
anim_player = NodePath("..")
active = true
parameters/TimeScale/scale = 1.35
parameters/idleWalk/blend_amount = 1.0
parameters/shootAngle/blend_position = 0.0
parameters/walkShoot/blend_amount = 1.0
