[gd_scene load_steps=35 format=3 uid="uid://defh7881nafg6"]

[ext_resource type="PackedScene" uid="uid://dc7yg2qhkdo77" path="res://Assets/Models/Russel/Russel.gltf" id="1_mysin"]
[ext_resource type="Material" uid="uid://db86surtvq6n" path="res://Assets/Models/Russel/Cloth.tres" id="2_s1b86"]
[ext_resource type="Material" uid="uid://fn54vf75rioo" path="res://Assets/Models/Russel/Body.tres" id="3_bsnhw"]
[ext_resource type="PackedScene" uid="uid://cy6xi4epix5ju" path="res://Prefabs/Revolver.tscn" id="4_sniym"]
[ext_resource type="PackedScene" uid="uid://c865wqlp5lwla" path="res://Prefabs/Shotgun.tscn" id="5_0ewll"]

[sub_resource type="CapsuleShape3D" id="CapsuleShape3D_2d3qa"]
radius = 1.16878
height = 11.6878

[sub_resource type="CapsuleShape3D" id="CapsuleShape3D_j8ex4"]
radius = 1.36358
height = 13.6358

[sub_resource type="CapsuleShape3D" id="CapsuleShape3D_npsml"]
radius = 1.55838
height = 15.5838

[sub_resource type="CapsuleShape3D" id="CapsuleShape3D_hu7sx"]
radius = 1.75318
height = 17.5318

[sub_resource type="CapsuleShape3D" id="CapsuleShape3D_5a66d"]
radius = 0.719945
height = 7.19945

[sub_resource type="CapsuleShape3D" id="CapsuleShape3D_a256h"]
radius = 1.56418
height = 15.6418

[sub_resource type="CapsuleShape3D" id="CapsuleShape3D_636b5"]
radius = 2.59074
height = 25.9074

[sub_resource type="CapsuleShape3D" id="CapsuleShape3D_luvrm"]
radius = 2.30962
height = 23.0962

[sub_resource type="CapsuleShape3D" id="CapsuleShape3D_aknu0"]
radius = 0.696025
height = 6.96025

[sub_resource type="CapsuleShape3D" id="CapsuleShape3D_k1mnf"]
radius = 1.56418
height = 15.6418

[sub_resource type="CapsuleShape3D" id="CapsuleShape3D_1hh1q"]
radius = 2.5945
height = 25.945

[sub_resource type="CapsuleShape3D" id="CapsuleShape3D_6gs88"]
radius = 2.31952
height = 23.1952

[sub_resource type="CapsuleShape3D" id="CapsuleShape3D_wc1s6"]
radius = 0.682567
height = 6.82567

[sub_resource type="CapsuleShape3D" id="CapsuleShape3D_xse82"]
radius = 4.87967
height = 48.7967

[sub_resource type="CapsuleShape3D" id="CapsuleShape3D_wmqjl"]
radius = 4.87926
height = 48.7926

[sub_resource type="CapsuleShape3D" id="CapsuleShape3D_ggbwr"]
radius = 2.26683
height = 22.6683

[sub_resource type="CapsuleShape3D" id="CapsuleShape3D_6e8we"]
radius = 2.25205
height = 22.5205

[sub_resource type="AnimationNodeAnimation" id="AnimationNodeAnimation_oy2ry"]
animation = &"IdleStill_liz"

[sub_resource type="AnimationNodeAnimation" id="AnimationNodeAnimation_fvgf6"]
animation = &"Idle_Liz"

[sub_resource type="AnimationNodeBlend2" id="AnimationNodeBlend2_7eqda"]
filter_enabled = true
filters = ["Armature/Skeleton3D:Head", "Armature/Skeleton3D:Hips", "Armature/Skeleton3D:LeftArm", "Armature/Skeleton3D:LeftForeArm", "Armature/Skeleton3D:LeftHand", "Armature/Skeleton3D:LeftHandIndex1", "Armature/Skeleton3D:LeftHandIndex2", "Armature/Skeleton3D:LeftHandIndex3", "Armature/Skeleton3D:LeftHandRing1", "Armature/Skeleton3D:LeftHandRing2", "Armature/Skeleton3D:LeftHandRing3", "Armature/Skeleton3D:LeftHandThumb1", "Armature/Skeleton3D:LeftHandThumb2", "Armature/Skeleton3D:LeftHandThumb3", "Armature/Skeleton3D:LeftShoulder", "Armature/Skeleton3D:Neck", "Armature/Skeleton3D:RightArm", "Armature/Skeleton3D:RightForeArm", "Armature/Skeleton3D:RightHand", "Armature/Skeleton3D:RightHandIndex1", "Armature/Skeleton3D:RightHandIndex2", "Armature/Skeleton3D:RightHandIndex3", "Armature/Skeleton3D:RightHandRing1", "Armature/Skeleton3D:RightHandRing2", "Armature/Skeleton3D:RightHandRing3", "Armature/Skeleton3D:RightHandThumb1", "Armature/Skeleton3D:RightHandThumb2", "Armature/Skeleton3D:RightHandThumb3", "Armature/Skeleton3D:RightShoulder", "Armature/Skeleton3D:Spine", "Armature/Skeleton3D:Spine1", "Armature/Skeleton3D:Spine2"]

[sub_resource type="AnimationNodeTimeScale" id="AnimationNodeTimeScale_gj1ff"]

[sub_resource type="AnimationNodeBlend2" id="AnimationNodeBlend2_6hrub"]

[sub_resource type="AnimationNodeAnimation" id="AnimationNodeAnimation_lhakg"]
animation = &"Aim_01_STATIC"

[sub_resource type="AnimationNodeAnimation" id="AnimationNodeAnimation_6mkcg"]
animation = &"Aim_02_STATIC"

[sub_resource type="AnimationNodeAnimation" id="AnimationNodeAnimation_ey5a3"]
animation = &"Aim_03_STATIC"

[sub_resource type="AnimationNodeBlendSpace1D" id="AnimationNodeBlendSpace1D_2n32u"]
blend_point_0/node = SubResource("AnimationNodeAnimation_lhakg")
blend_point_0/pos = 0.0
blend_point_1/node = SubResource("AnimationNodeAnimation_6mkcg")
blend_point_1/pos = -1.0
blend_point_2/node = SubResource("AnimationNodeAnimation_ey5a3")
blend_point_2/pos = 1.0

[sub_resource type="AnimationNodeAnimation" id="AnimationNodeAnimation_2678m"]
animation = &"Walk_Liz"

[sub_resource type="AnimationNodeBlend2" id="AnimationNodeBlend2_40ywp"]
filter_enabled = true
filters = ["Armature/Skeleton3D:Head", "Armature/Skeleton3D:LeftArm", "Armature/Skeleton3D:LeftForeArm", "Armature/Skeleton3D:LeftHand", "Armature/Skeleton3D:LeftHandIndex1", "Armature/Skeleton3D:LeftHandIndex2", "Armature/Skeleton3D:LeftHandIndex3", "Armature/Skeleton3D:LeftHandRing1", "Armature/Skeleton3D:LeftHandRing2", "Armature/Skeleton3D:LeftHandRing3", "Armature/Skeleton3D:LeftHandThumb1", "Armature/Skeleton3D:LeftHandThumb2", "Armature/Skeleton3D:LeftHandThumb3", "Armature/Skeleton3D:LeftShoulder", "Armature/Skeleton3D:Neck", "Armature/Skeleton3D:RightArm", "Armature/Skeleton3D:RightForeArm", "Armature/Skeleton3D:RightHand", "Armature/Skeleton3D:RightHandIndex1", "Armature/Skeleton3D:RightHandIndex2", "Armature/Skeleton3D:RightHandIndex3", "Armature/Skeleton3D:RightHandRing1", "Armature/Skeleton3D:RightHandRing2", "Armature/Skeleton3D:RightHandRing3", "Armature/Skeleton3D:RightHandThumb1", "Armature/Skeleton3D:RightHandThumb2", "Armature/Skeleton3D:RightHandThumb3", "Armature/Skeleton3D:RightShoulder", "Armature/Skeleton3D:Spine", "Armature/Skeleton3D:Spine1", "Armature/Skeleton3D:Spine2"]

[sub_resource type="AnimationNodeBlendTree" id="AnimationNodeBlendTree_w3rwk"]
graph_offset = Vector2(-9.93427, 295.697)
nodes/Animation/node = SubResource("AnimationNodeAnimation_fvgf6")
nodes/Animation/position = Vector2(560, 380)
"nodes/Animation 2/node" = SubResource("AnimationNodeAnimation_oy2ry")
"nodes/Animation 2/position" = Vector2(560, 260)
nodes/Blend2/node = SubResource("AnimationNodeBlend2_7eqda")
nodes/Blend2/position = Vector2(840, 300)
nodes/TimeScale/node = SubResource("AnimationNodeTimeScale_gj1ff")
nodes/TimeScale/position = Vector2(720, 680)
nodes/idleWalk/node = SubResource("AnimationNodeBlend2_6hrub")
nodes/idleWalk/position = Vector2(1180, 600)
nodes/output/position = Vector2(1400, 600)
nodes/shootAngle/node = SubResource("AnimationNodeBlendSpace1D_2n32u")
nodes/shootAngle/position = Vector2(700, 820)
nodes/walk/node = SubResource("AnimationNodeAnimation_2678m")
nodes/walk/position = Vector2(480, 720)
nodes/walkShoot/node = SubResource("AnimationNodeBlend2_40ywp")
nodes/walkShoot/position = Vector2(940, 660)
node_connections = [&"output", 0, &"idleWalk", &"Blend2", 0, &"Animation 2", &"Blend2", 1, &"Animation", &"TimeScale", 0, &"walk", &"idleWalk", 0, &"Blend2", &"idleWalk", 1, &"walkShoot", &"walkShoot", 0, &"TimeScale", &"walkShoot", 1, &"shootAngle"]

[node name="Russel" instance=ExtResource("1_mysin")]

[node name="Armature" parent="." index="0"]
transform = Transform3D(0.01, 0, 0, 0, -4.37114e-10, -0.01, 0, 0.01, -4.37114e-10, 0, 0, 0)

[node name="Skeleton3D" parent="Armature" index="0"]
bones/0/position = Vector3(0.0540008, 5.11518, -112.582)
bones/0/rotation = Quaternion(-0.642785, 0.00204002, -0.00140473, 0.766043)
bones/6/rotation = Quaternion(-0.681876, -0.197407, 0.290498, -0.641629)
bones/7/rotation = Quaternion(0.292711, -0.42876, 0.361594, 0.774426)
bones/8/position = Vector3(1.54163e-08, 25.9074, 3.47211e-05)
bones/8/rotation = Quaternion(-0.000694592, -0.117414, 0.00275038, 0.993079)
bones/9/position = Vector3(-0.00671937, 23.0052, 0.582692)
bones/9/rotation = Quaternion(-0.15834, -0.0118863, 0.0916921, 0.983046)
bones/10/rotation = Quaternion(0.212619, 0.185202, 0.182932, 0.941822)
bones/11/position = Vector3(0.00950348, 5.43582, 0.0566622)
bones/11/rotation = Quaternion(0.189479, 0.248526, -0.253398, 0.91549)
bones/12/position = Vector3(-0.0225616, 5.01889, -0.0821092)
bones/12/rotation = Quaternion(-0.0317541, 0.3425, -0.303849, 0.88846)
bones/13/position = Vector3(-3.93011, 17.4215, 0.0998463)
bones/13/rotation = Quaternion(-0.0889239, 0.194908, 0.0363837, 0.976104)
bones/14/rotation = Quaternion(0.478493, 0.121326, -0.0144951, 0.869549)
bones/15/rotation = Quaternion(0.435973, -0.211511, -0.189512, 0.853976)
bones/16/position = Vector3(1.3024, 16.9628, -0.00851109)
bones/16/rotation = Quaternion(-0.0309686, 0.00149801, -0.0482915, 0.998352)
bones/17/rotation = Quaternion(0.233892, 0.0305136, 0.000475941, 0.971784)
bones/18/position = Vector3(9.38773e-05, 3.49918, 1.96876e-06)
bones/18/rotation = Quaternion(0.038113, -1.06131e-07, 1.20869e-08, 0.999273)
bones/19/rotation = Quaternion(0.688997, -0.182031, 0.268183, 0.648248)
bones/20/position = Vector3(2.30912e-07, 15.6418, 1.74339e-07)
bones/20/rotation = Quaternion(0.10798, 0.042625, -0.424425, 0.897991)
bones/21/position = Vector3(-4.45679e-07, 25.945, 1.0521e-05)
bones/21/rotation = Quaternion(-0.00171728, -0.447362, -0.00233732, 0.894348)
bones/22/position = Vector3(0.020081, 23.1022, 0.641191)
bones/22/rotation = Quaternion(-0.182038, 0.813455, 0.0614763, 0.548975)
bones/23/position = Vector3(2.53696, 5.58791, 2.98816)
bones/23/rotation = Quaternion(0.165782, -0.431279, -0.0425527, 0.885835)
bones/24/position = Vector3(0.296524, 5.33149, 0.00207786)
bones/24/rotation = Quaternion(0.169937, -0.148914, 0.153475, 0.961973)
bones/25/position = Vector3(0.00907385, 5.08549, -0.035461)
bones/25/rotation = Quaternion(-0.0284939, -0.254203, 0.288175, 0.922781)
bones/26/position = Vector3(3.97332, 17.4168, 0.200302)
bones/26/rotation = Quaternion(0.135711, -0.438303, -0.026325, 0.888133)
bones/27/position = Vector3(-0.0180013, 3.8782, 5.51579e-06)
bones/28/position = Vector3(0.0083878, 3.64073, -2.26924e-05)
bones/29/position = Vector3(-1.32444, 17.0786, -0.0577725)
bones/30/position = Vector3(-0.0466867, 3.79247, 6.46738e-06)
bones/30/rotation = Quaternion(0.208192, 0.298986, -0.107915, 0.924996)
bones/31/position = Vector3(-0.00271678, 3.43109, -5.68612e-06)
bones/31/rotation = Quaternion(-0.008894, -6.3769e-08, -9.69778e-08, 0.99996)
bones/32/rotation = Quaternion(-0.125139, 0.620609, 0.764742, -0.119814)
bones/33/position = Vector3(8.82226e-06, 48.7967, -1.14197e-05)
bones/33/rotation = Quaternion(-0.689765, 0.000463723, -0.265962, 0.673416)
bones/34/rotation = Quaternion(0.271475, 0.144208, 0.950451, 0.0463461)
bones/35/position = Vector3(-5.1001e-07, 48.7926, -2.03711e-06)
bones/35/rotation = Quaternion(-0.0781658, 0.000139128, 0.0395241, 0.996157)
bones/36/position = Vector3(33.9415, -4.85403, -137.432)
bones/36/rotation = Quaternion(0.243422, -0.419517, -0.347382, 0.802544)
bones/37/position = Vector3(-26.0933, 53.5989, -147.133)
bones/37/rotation = Quaternion(-0.366233, 0.525027, -0.317006, 0.699805)
bones/38/position = Vector3(-31.1294, -39.3985, -145.274)
bones/38/rotation = Quaternion(0.0126916, 2.88272e-22, 0.999919, -2.64698e-23)
bones/39/position = Vector3(9.26735, 31.2486, -46.353)
bones/39/rotation = Quaternion(-0.00417408, -0.0494067, 0.99877, 0.000206481)
bones/40/position = Vector3(4.67589e-05, -0.00160674, 0.00771829)
bones/40/rotation = Quaternion(0.963244, -0.0088068, 0.0219027, 0.267588)
bones/41/position = Vector3(5.64971e-07, 22.6684, -1.52004e-06)
bones/41/rotation = Quaternion(0.256764, -0.0268293, -0.0239327, 0.965805)
bones/42/position = Vector3(-10.2312, 11.3076, -11.3756)
bones/42/rotation = Quaternion(0.0017689, 0.140595, 0.990024, 0.00908966)
bones/43/position = Vector3(-3.6302e-05, 8.71176e-05, 0.000457993)
bones/43/rotation = Quaternion(0.97551, 0.0121726, -0.0122717, 0.219274)
bones/44/position = Vector3(-1.66916e-07, 22.5205, -3.46043e-06)
bones/44/rotation = Quaternion(0.202002, 0.0285332, 0.0123165, 0.978892)
bones/45/position = Vector3(15.3291, 47.9484, -52.2541)
bones/46/position = Vector3(-16.4216, 47.7439, -55.9047)
bones/46/rotation = Quaternion(-0.00840133, 0.999757, 0.00545904, 0.019614)
bones/47/position = Vector3(31.0464, -39.8916, -145.606)

[node name="Belt" parent="Armature/Skeleton3D" index="0"]
material_overlay = ExtResource("2_s1b86")

[node name="Boots" parent="Armature/Skeleton3D" index="1"]
material_overlay = ExtResource("2_s1b86")

[node name="Face_Hair" parent="Armature/Skeleton3D" index="2"]
material_overlay = ExtResource("3_bsnhw")

[node name="Glove" parent="Armature/Skeleton3D" index="3"]
material_overlay = ExtResource("2_s1b86")

[node name="Hair" parent="Armature/Skeleton3D" index="4"]
material_overlay = ExtResource("3_bsnhw")

[node name="Hat" parent="Armature/Skeleton3D" index="5"]
material_overlay = ExtResource("2_s1b86")

[node name="Pants" parent="Armature/Skeleton3D" index="6"]
material_overlay = ExtResource("2_s1b86")

[node name="Shirt" parent="Armature/Skeleton3D" index="7"]
material_overlay = ExtResource("2_s1b86")

[node name="Skin2" parent="Armature/Skeleton3D" index="8"]
material_overlay = ExtResource("3_bsnhw")

[node name="GunRight" type="BoneAttachment3D" parent="Armature/Skeleton3D" index="9"]
transform = Transform3D(0.22567, 0.0334178, 0.973631, -0.00170759, 0.999424, -0.0339073, -0.974203, 0.00598925, 0.225597, -4.19781, 71.7356, -149.912)
bone_name = "RightHand"
bone_idx = 22

[node name="RevolverOffset" type="Node3D" parent="Armature/Skeleton3D/GunRight" index="0"]
transform = Transform3D(0.213206, 0.961684, -0.172357, 0.0290095, 0.170105, 0.984999, 0.976576, -0.215008, 0.00836935, 2.50012, 14.5, 2.49999)

[node name="Revolver" parent="Armature/Skeleton3D/GunRight/RevolverOffset" index="0" instance=ExtResource("4_sniym")]

[node name="ShotgunOffset" type="Node3D" parent="Armature/Skeleton3D/GunRight" index="1"]
transform = Transform3D(0.194826, 0.96561, -0.172165, 0.0254393, 0.170495, 0.98503, 0.980508, -0.196289, 0.00865229, 2.50014, 14.5, 2.5)

[node name="Shotgun" parent="Armature/Skeleton3D/GunRight/ShotgunOffset" index="0" instance=ExtResource("5_0ewll")]
visible = false

[node name="GunLeft" type="BoneAttachment3D" parent="Armature/Skeleton3D" index="10"]
transform = Transform3D(0.0872367, 0.0312411, -0.995697, -0.0656116, 0.997518, 0.0255498, 0.994025, 0.0631005, 0.08907, 4.46422, 71.2233, -151.743)
bone_name = "LeftHand"
bone_idx = 9

[node name="RevolverOffset" type="Node3D" parent="Armature/Skeleton3D/GunLeft" index="0"]
transform = Transform3D(0.0806526, -0.991564, 0.10147, 0.0273704, 0.103966, 0.994204, -0.996366, -0.0774079, 0.0355246, -1.31248, 11.6363, 1.79798)

[node name="Revolver" parent="Armature/Skeleton3D/GunLeft/RevolverOffset" index="0" instance=ExtResource("4_sniym")]
visible = false

[node name="ShotgunOffset" type="Node3D" parent="Armature/Skeleton3D/GunLeft" index="1"]
transform = Transform3D(0.089244, -0.990811, 0.101637, 0.0254452, 0.104278, 0.994223, -0.995685, -0.0861423, 0.0345176, 0, 14.5, 2.5)

[node name="Shotgun" parent="Armature/Skeleton3D/GunLeft/ShotgunOffset" index="0" instance=ExtResource("5_0ewll")]
visible = false

[node name="Physical Bone Hips" type="PhysicalBone3D" parent="Armature/Skeleton3D" index="11"]
transform = Transform3D(0.998675, 0.0307446, 0.000597202, -0.0301939, 0.984125, -0.169413, -0.00580119, 0.16931, 0.984552, 0.0406441, 6.81013, -118.524)
collision_layer = 256
collision_mask = 2
joint_offset = Transform3D(1, 0, 0, 0, 1, 0, 0, 0, 1, 0.000426179, 0.0268881, 5.71303)
body_offset = Transform3D(0.999148, -6.02752e-06, -6.56582e-08, -8.2422e-08, 0.0041547, -0.999012, 1.3167e-05, 0.999048, 0.00414431, -0.000425279, 5.70728, -0.050539)
bone_name = "Hips"

[node name="CollisionShape3D" type="CollisionShape3D" parent="Armature/Skeleton3D/Physical Bone Hips" index="0"]
transform = Transform3D(1, 0, 0, 0, 0, 1, 0, -1, 0, 0, 0, 0)
shape = SubResource("CapsuleShape3D_2d3qa")

[node name="Physical Bone Spine" type="PhysicalBone3D" parent="Armature/Skeleton3D" index="12"]
transform = Transform3D(0.999242, 0.0308153, 0.000581757, -0.0302258, 0.985525, -0.170102, -0.00580689, 0.170633, 0.98547, 0.0354816, 8.9417, -130.562)
collision_layer = 256
collision_mask = 0
joint_type = 1
joint_offset = Transform3D(1, 0, 0, 0, 1, 0, 0, 0, 1, 0.000106535, -0.0284711, 6.24434)
body_offset = Transform3D(0.999716, 1.46572e-05, 1.39698e-09, -2.77534e-07, -0.000991851, -1.00004, -1.84588e-06, 1.00066, -0.000460193, -0.000106096, 6.24458, 0.0313635)
bone_name = "Spine"
joint_constraints/bias = 0.3
joint_constraints/damping = 1.0
joint_constraints/impulse_clamp = 0.0

[node name="CollisionShape3D" type="CollisionShape3D" parent="Armature/Skeleton3D/Physical Bone Spine" index="0"]
transform = Transform3D(1, 0, 0, 0, 0, 1, 0, -1, 0, 0, 0, 0)
shape = SubResource("CapsuleShape3D_j8ex4")

[node name="Physical Bone Spine1" type="PhysicalBone3D" parent="Armature/Skeleton3D" index="13"]
transform = Transform3D(0.998717, 0.030714, 0.000594852, -0.0302152, 0.983058, -0.169473, -0.0058048, 0.169221, 0.98445, 0.0246093, 11.3629, -144.884)
collision_layer = 256
collision_mask = 0
joint_type = 1
joint_offset = Transform3D(1, 0, 0, 0, 1, 0, 0, 0, 1, 0.000984393, 0.0122892, 7.14133)
body_offset = Transform3D(0.999191, -3.80725e-06, -1.86265e-09, -2.2538e-07, -1.9148e-05, -0.998931, -7.18608e-06, 0.997989, -1.3113e-05, -0.000983536, 7.1337, -0.0121708)
bone_name = "Spine1"
joint_constraints/bias = 0.3
joint_constraints/damping = 1.0
joint_constraints/impulse_clamp = 0.0

[node name="CollisionShape3D" type="CollisionShape3D" parent="Armature/Skeleton3D/Physical Bone Spine1" index="0"]
transform = Transform3D(1, 0, 0, 0, 0, 1, 0, -1, 0, 0, 0, 0)
shape = SubResource("CapsuleShape3D_npsml")

[node name="Physical Bone Spine2" type="PhysicalBone3D" parent="Armature/Skeleton3D" index="14"]
transform = Transform3D(0.991913, 0.0307911, 0.000594671, -0.0300051, 0.984804, -0.169637, -0.00576857, 0.169563, 0.985273, 0.0310033, 14.7342, -161.351)
collision_layer = 256
collision_mask = 0
joint_type = 1
joint_offset = Transform3D(1, 0, 0, 0, 1, 0, 0, 0, 1, 0.000883951, -0.51688, 8.35216)
body_offset = Transform3D(0.992383, 1.84607e-05, -1.39698e-09, 3.7686e-06, -5.97537e-05, -0.99977, -3.48687e-06, 0.99977, -3.52412e-05, -0.000867665, 8.3502, 0.517056)
bone_name = "Spine2"
joint_constraints/bias = 0.3
joint_constraints/damping = 1.0
joint_constraints/impulse_clamp = 0.0

[node name="CollisionShape3D" type="CollisionShape3D" parent="Armature/Skeleton3D/Physical Bone Spine2" index="0"]
transform = Transform3D(1, 0, 0, 0, 0, 1, 0, -1, 0, 0, 0, 0)
shape = SubResource("CapsuleShape3D_hu7sx")

[node name="Physical Bone Neck" type="PhysicalBone3D" parent="Armature/Skeleton3D" index="15"]
transform = Transform3D(-0.999268, -0.0295039, -0.00893082, 0.0302379, -0.885865, -0.465026, 0.00580699, -0.463226, 0.885906, 0.0862076, 17.4807, -173.867)
collision_layer = 256
collision_mask = 0
joint_type = 1
joint_offset = Transform3D(1, 0, 0, 0, 1, 0, 0, 0, 1, 0.04394, -0.0660565, 3.78064)
body_offset = Transform3D(-0.999743, -1.72798e-05, -1.34362e-05, 2.28873e-06, 0.302358, -0.953199, 1.29063e-05, -0.953302, -0.304255, 0.0439783, 3.62367, 1.08731)
bone_name = "Neck"
joint_constraints/bias = 0.3
joint_constraints/damping = 1.0
joint_constraints/impulse_clamp = 0.0

[node name="CollisionShape3D" type="CollisionShape3D" parent="Armature/Skeleton3D/Physical Bone Neck" index="0"]
transform = Transform3D(1, 0, 0, 0, 0, 1, 0, -1, 0, 0, 0, 0)
shape = SubResource("CapsuleShape3D_5a66d")

[node name="Physical Bone LeftShoulder" type="PhysicalBone3D" parent="Armature/Skeleton3D" index="16"]
transform = Transform3D(0.732608, 0.664813, -0.142284, -0.679726, 0.712512, -0.171247, -0.0124742, 0.222315, 0.974575, 8.78183, 16.4788, -175.744)
collision_layer = 256
collision_mask = 0
joint_type = 1
joint_offset = Transform3D(1, 0, 0, 0, 1, 0, 0, 0, 1, -0.0140071, -0.0516604, 6.97319)
body_offset = Transform3D(0.999449, -4.84884e-05, 6.6787e-05, 9.95398e-06, 0.999537, 7.34255e-05, -6.08414e-05, -1.82688e-05, 0.999683, 0.0135312, 0.0511246, -6.97098)
bone_name = "LeftShoulder"
joint_constraints/bias = 0.3
joint_constraints/damping = 1.0
joint_constraints/impulse_clamp = 0.0

[node name="CollisionShape3D" type="CollisionShape3D" parent="Armature/Skeleton3D/Physical Bone LeftShoulder" index="0"]
transform = Transform3D(1, 0, 0, 0, 0, 1, 0, -1, 0, 0, 0, 0)
shape = SubResource("CapsuleShape3D_a256h")

[node name="Physical Bone LeftArm" type="PhysicalBone3D" parent="Armature/Skeleton3D" index="17"]
transform = Transform3D(0.352334, -0.237416, -0.904068, -0.181771, 0.930277, -0.315356, 0.916988, 0.276032, 0.284836, 29.7094, 30.2781, -168.108)
collision_layer = 256
collision_mask = 0
joint_type = 1
joint_offset = Transform3D(1, 0, 0, 0, 1, 0, 0, 0, 1, -0.961728, -0.13007, 12.4461)
body_offset = Transform3D(0.999023, 0.000388041, 6.79865e-06, -1.6585e-05, 0.998987, -0.000232339, -2.73846e-05, 0.000127643, 0.99896, 0.960754, 0.132814, -12.4332)
bone_name = "LeftArm"
joint_constraints/bias = 0.3
joint_constraints/damping = 1.0
joint_constraints/impulse_clamp = 0.0

[node name="CollisionShape3D" type="CollisionShape3D" parent="Armature/Skeleton3D/Physical Bone LeftArm" index="0"]
transform = Transform3D(1, 0, 0, 0, 0, 1, 0, -1, 0, 0, 0, 0)
shape = SubResource("CapsuleShape3D_636b5")

[node name="Physical Bone LeftForeArm" type="PhysicalBone3D" parent="Armature/Skeleton3D" index="18"]
transform = Transform3D(0.13039, -0.961603, 0.237597, -0.245245, -0.2632, -0.931987, 0.959743, 0.0632119, -0.270541, 9.09948, 60.8339, -154.631)
collision_layer = 256
collision_mask = 0
joint_type = 1
joint_offset = Transform3D(1, 0, 0, 0, 1, 0, 0, 0, 1, -0.649252, -0.302068, 11.3063)
body_offset = Transform3D(0.999126, -0.000239134, -0.000309825, -0.000205383, 0.00013496, -0.999122, 7.11307e-05, 0.998975, -0.000141993, 0.652115, 11.2962, 0.30341)
bone_name = "LeftForeArm"
joint_constraints/bias = 0.3
joint_constraints/damping = 1.0
joint_constraints/impulse_clamp = 0.0

[node name="CollisionShape3D" type="CollisionShape3D" parent="Armature/Skeleton3D/Physical Bone LeftForeArm" index="0"]
transform = Transform3D(1, 0, 0, 0, 0, 1, 0, -1, 0, 0, 0, 0)
shape = SubResource("CapsuleShape3D_luvrm")

[node name="Physical Bone LeftHand" type="PhysicalBone3D" parent="Armature/Skeleton3D" index="19"]
transform = Transform3D(0.570802, 0.69983, 0.426414, 0.0196156, 0.50839, -0.857959, -0.818921, 0.499593, 0.276076, 4.35166, 74.2608, -152.646)
collision_layer = 256
collision_mask = 0
joint_type = 1
joint_offset = Transform3D(1, 0, 0, 0, 1, 0, 0, 0, 1, 0.407195, 0.181366, 2.93221)
body_offset = Transform3D(-0.763661, 0.524889, 0.370921, 0.000517365, 0.577811, -0.813234, -0.643158, -0.62325, -0.441825, -0.871857, 2.27956, 1.67045)
bone_name = "LeftHand"
joint_constraints/bias = 0.3
joint_constraints/damping = 1.0
joint_constraints/impulse_clamp = 0.0

[node name="CollisionShape3D" type="CollisionShape3D" parent="Armature/Skeleton3D/Physical Bone LeftHand" index="0"]
transform = Transform3D(1, 0, 0, 0, 0, 1, 0, -1, 0, 0, 0, 0)
shape = SubResource("CapsuleShape3D_aknu0")

[node name="Physical Bone RightShoulder" type="PhysicalBone3D" parent="Armature/Skeleton3D" index="20"]
transform = Transform3D(0.807732, 0.133095, 0.573336, 0.588725, -0.186356, -0.785808, 0.00266358, 0.973252, -0.229411, -12.2474, 21.2526, -166.047)
collision_layer = 256
collision_mask = 0
joint_type = 1
joint_offset = Transform3D(1, 0, 0, 0, 1, 0, 0, 0, 1, 0.410869, -1.11153, 7.57133)
body_offset = Transform3D(0.999517, 0.000333123, -0.000175655, -4.14252e-05, 0.00130224, -0.999419, 5.22882e-05, 0.99983, 0.00077486, -0.40897, 7.5684, 1.10545)
bone_name = "RightShoulder"
joint_constraints/bias = 0.3
joint_constraints/damping = 1.0
joint_constraints/impulse_clamp = 0.0

[node name="CollisionShape3D" type="CollisionShape3D" parent="Armature/Skeleton3D/Physical Bone RightShoulder" index="0"]
transform = Transform3D(1, 0, 0, 0, 0, 1, 0, -1, 0, 0, 0, 0)
shape = SubResource("CapsuleShape3D_k1mnf")

[node name="Physical Bone RightArm" type="PhysicalBone3D" parent="Armature/Skeleton3D" index="21"]
transform = Transform3D(0.922772, 0.24927, -0.2902, -0.185337, -0.371595, -0.908056, -0.334946, 0.892112, -0.297227, -12.8686, 39.3591, -160.981)
collision_layer = 256
collision_mask = 0
joint_type = 1
joint_offset = Transform3D(1, 0, 0, 0, 1, 0, 0, 0, 1, -0.00243215, -0.571159, 12.692)
body_offset = Transform3D(0.999023, -4.53666e-05, 0.000273556, 0.000210479, -1.48714e-05, -0.998561, 0.00012514, 0.998039, -8.40425e-05, -0.00106812, 12.6738, 0.571106)
bone_name = "RightArm"
joint_constraints/bias = 0.3
joint_constraints/damping = 1.0
joint_constraints/impulse_clamp = 0.0

[node name="CollisionShape3D" type="CollisionShape3D" parent="Armature/Skeleton3D/Physical Bone RightArm" index="0"]
transform = Transform3D(1, 0, 0, 0, 0, 1, 0, -1, 0, 0, 0, 0)
shape = SubResource("CapsuleShape3D_1hh1q")

[node name="Physical Bone RightForeArm" type="PhysicalBone3D" parent="Armature/Skeleton3D" index="22"]
transform = Transform3D(0.752406, -0.587181, -0.295332, -0.410848, -0.0701019, -0.908207, 0.513025, 0.805427, -0.294505, -5.91991, 61.7786, -153.404)
collision_layer = 256
collision_mask = 0
joint_type = 1
joint_offset = Transform3D(1, 0, 0, 0, 1, 0, 0, 0, 1, -0.388063, -0.727205, 11.3953)
body_offset = Transform3D(0.999052, 0.000127573, 0.000332147, 0.000495285, -8.18446e-05, -0.999397, 7.94195e-05, 0.999203, -0.000204027, 0.384003, 11.3886, 0.728981)
bone_name = "RightForeArm"
joint_constraints/bias = 0.3
joint_constraints/damping = 1.0
joint_constraints/impulse_clamp = 0.0

[node name="CollisionShape3D" type="CollisionShape3D" parent="Armature/Skeleton3D/Physical Bone RightForeArm" index="0"]
transform = Transform3D(1, 0, 0, 0, 0, 1, 0, -1, 0, 0, 0, 0)
shape = SubResource("CapsuleShape3D_6gs88")

[node name="Physical Bone RightHand" type="PhysicalBone3D" parent="Armature/Skeleton3D" index="23"]
transform = Transform3D(0.460947, -0.689837, -0.555938, -0.0326544, 0.612962, -0.788237, 0.885419, 0.381397, 0.260256, -0.744998, 74.6701, -150.635)
collision_layer = 256
collision_mask = 0
joint_type = 1
joint_offset = Transform3D(1, 0, 0, 0, 1, 0, 0, 0, 1, -0.445422, 0.214148, 2.83932)
body_offset = Transform3D(-0.761273, -0.529051, -0.370934, -0.000337854, 0.573477, -0.818084, 0.646505, -0.62313, -0.437337, 0.827408, 2.19984, 1.66315)
bone_name = "RightHand"
joint_constraints/bias = 0.3
joint_constraints/damping = 1.0
joint_constraints/impulse_clamp = 0.0

[node name="CollisionShape3D" type="CollisionShape3D" parent="Armature/Skeleton3D/Physical Bone RightHand" index="0"]
transform = Transform3D(1, 0, 0, 0, 0, 1, 0, -1, 0, 0, 0, 0)
shape = SubResource("CapsuleShape3D_wc1s6")

[node name="Physical Bone LeftUpLeg" type="PhysicalBone3D" parent="Armature/Skeleton3D" index="24"]
transform = Transform3D(-0.900955, -0.431571, 0.00802365, -0.261601, 0.531756, -0.804116, 0.342892, -0.726069, -0.591382, 8.54766, 27.7604, -91.7288)
collision_layer = 256
collision_mask = 0
joint_type = 1
joint_offset = Transform3D(1, 0, 0, 0, 1, 0, 0, 0, 1, 0.167568, -0.514254, 24.9156)
body_offset = Transform3D(0.994946, 0.051069, -0.0723035, -0.0791839, 0.143524, -0.984908, -0.0392251, 0.9864, 0.145355, 1.66103, 24.6266, -3.10777)
bone_name = "LeftUpLeg"
joint_constraints/bias = 0.3
joint_constraints/damping = 1.0
joint_constraints/impulse_clamp = 0.0

[node name="CollisionShape3D" type="CollisionShape3D" parent="Armature/Skeleton3D/Physical Bone LeftUpLeg" index="0"]
transform = Transform3D(1, 0, 0, 0, 0, 1, 0, -1, 0, 0, 0, 0)
shape = SubResource("CapsuleShape3D_xse82")

[node name="Physical Bone RightUpLeg" type="PhysicalBone3D" parent="Armature/Skeleton3D" index="25"]
transform = Transform3D(-0.889051, 0.452322, 0.0435023, 0.422066, 0.857075, -0.288059, -0.16815, -0.237824, -0.955057, -9.48138, 14.5112, -82.372)
collision_layer = 256
collision_mask = 0
joint_type = 1
joint_offset = Transform3D(1, 0, 0, 0, 1, 0, 0, 0, 1, 0.358628, 0.437755, 24.4868)
body_offset = Transform3D(0.995539, 0.0512087, -0.0549886, -0.0526753, -0.0510488, -0.995814, -0.0543327, 0.995239, -0.0483248, 0.967052, 24.4256, 0.767136)
bone_name = "RightUpLeg"
joint_constraints/bias = 0.3
joint_constraints/damping = 1.0
joint_constraints/impulse_clamp = 0.0

[node name="CollisionShape3D" type="CollisionShape3D" parent="Armature/Skeleton3D/Physical Bone RightUpLeg" index="0"]
transform = Transform3D(1, 0, 0, 0, 0, 1, 0, -1, 0, 0, 0, 0)
shape = SubResource("CapsuleShape3D_wmqjl")

[node name="Physical Bone LeftFoot" type="PhysicalBone3D" parent="Armature/Skeleton3D" index="26"]
transform = Transform3D(-0.999994, -0.0304222, -0.0245024, -0.0058454, 0.739136, -0.674187, 0.0385885, -0.673513, -0.738859, 10.6648, 28.308, -40.4524)
collision_layer = 256
collision_mask = 0
joint_type = 1
joint_offset = Transform3D(1, 0, 0, 0, 1, 0, 0, 0, 1, -0.142634, 0.0805596, 14.38)
body_offset = Transform3D(1.00075, -0.00122214, 0.0015538, 0.00155398, -0.0499049, -0.999277, 0.00141343, 0.999189, -0.0498464, 0.120496, 14.3738, 0.636497)
bone_name = "LeftFoot"
joint_constraints/bias = 0.3
joint_constraints/damping = 1.0
joint_constraints/impulse_clamp = 0.0

[node name="CollisionShape3D" type="CollisionShape3D" parent="Armature/Skeleton3D/Physical Bone LeftFoot" index="0"]
transform = Transform3D(1, 0, 0, 0, 0, 1, 0, -1, 0, 0, 0, 0)
shape = SubResource("CapsuleShape3D_ggbwr")

[node name="Physical Bone RightFoot" type="PhysicalBone3D" parent="Armature/Skeleton3D" index="27"]
transform = Transform3D(-0.998593, 0.0174582, 0.0113157, -0.0137243, -0.143406, -0.98868, -0.0156277, -0.988515, 0.143622, -11.7177, 46.5957, -15.1308)
collision_layer = 256
collision_mask = 0
joint_type = 1
joint_offset = Transform3D(1, 0, 0, 0, 1, 0, 0, 0, 1, -0.896866, 0.575766, 19.1348)
body_offset = Transform3D(0.998807, 0.00110582, -0.00204397, -0.00193722, -0.106049, -0.993475, -0.00133598, 0.99337, -0.106051, 0.93427, 19.0692, 1.45611)
bone_name = "RightFoot"
joint_constraints/bias = 0.3
joint_constraints/damping = 1.0
joint_constraints/impulse_clamp = 0.0

[node name="CollisionShape3D" type="CollisionShape3D" parent="Armature/Skeleton3D/Physical Bone RightFoot" index="0"]
transform = Transform3D(1, 0, 0, 0, -4.37114e-08, 1, 0, -1, -4.37114e-08, 0, 0, 0)
shape = SubResource("CapsuleShape3D_6e8we")

[node name="AnimationTree" type="AnimationTree" parent="AnimationPlayer" index="0"]
tree_root = SubResource("AnimationNodeBlendTree_w3rwk")
anim_player = NodePath("..")
active = true
parameters/Blend2/blend_amount = 0.0
parameters/TimeScale/scale = 1.35
parameters/idleWalk/blend_amount = 1.0
parameters/shootAngle/blend_position = 0.0
parameters/walkShoot/blend_amount = 1.0
