[gd_scene load_steps=13 format=3 uid="uid://b55cpkrkaor1e"]

[ext_resource type="PackedScene" uid="uid://b8oadb1xmdu5t" path="res://Assets/Models/old/CactusOld/cactusSceneNoBase.tscn" id="1"]
[ext_resource type="PackedScene" uid="uid://d371hc6ubydla" path="res://Prefabs/Camera.tscn" id="2"]
[ext_resource type="Script" path="res://Scripts/FPSCounter.gd" id="3"]
[ext_resource type="PackedScene" path="res://Prefabs/HealthCounter.tscn" id="3_8ivn4"]
[ext_resource type="Script" path="res://Scripts/CopiedChunkSystem/terrainController.gd" id="4"]
[ext_resource type="ArrayMesh" uid="uid://dx1bco56p7ok5" path="res://Assets/Models/old/CactusOld/10436_Cactus_v1_max2010_it2.obj" id="5"]
[ext_resource type="PackedScene" path="res://Assets/Models/old/CactusOld/cactusSceneColor.tscn" id="6"]
[ext_resource type="PackedScene" path="res://Assets/Models/old/CactusOld/cactusSceneGreenTest.tscn" id="7"]
[ext_resource type="PackedScene" uid="uid://dtnkj4oqx5k11" path="res://Prefabs/Player.tscn" id="9"]
[ext_resource type="Texture2D" uid="uid://bmjms8gqi1go3" path="res://empress of bostonia.png" id="10"]
[ext_resource type="PackedScene" path="res://Prefabs/CowCounter.tscn" id="12"]

[sub_resource type="CanvasItemMaterial" id="14"]

[node name="Level" type="Node3D"]

[node name="FPS Counter" type="Label" parent="."]
material = SubResource("14")
offset_top = 0.00012207
offset_right = 40.0
offset_bottom = 14.0001
text = "FPS: "
script = ExtResource("3")

[node name="Cow Counter" parent="." instance=ExtResource("12")]

[node name="Health Counter" parent="." instance=ExtResource("3_8ivn4")]

[node name="PostProcessing" type="Sprite2D" parent="."]
visible = false
z_index = -1
position = Vector2(0, 720)
scale = Vector2(1.42222, -0.800333)
texture = ExtResource("10")
centered = false

[node name="Camera3D" parent="." instance=ExtResource("2")]
transform = Transform3D(0.707107, -0.40558, 0.579228, 0, 0.819152, 0.573577, -0.707107, -0.40558, 0.579228, 30, 30, 30)

[node name="Player" parent="." instance=ExtResource("9")]
transform = Transform3D(0.707107, 0, 0.707107, 0, 1, 0, -0.707107, 0, 0.707107, 16, 5, 16)

[node name="Cactus" type="MeshInstance3D" parent="."]
transform = Transform3D(0.0170801, -0.0104053, 1.24082e-10, 0, 2.38498e-10, 0.02, -0.0104053, -0.0170801, 2.03678e-10, -3.99982, 0, 6.69969)
mesh = ExtResource("5")

[node name="DirectionalLight3D" type="DirectionalLight3D" parent="."]
transform = Transform3D(1.10681e-07, 0.766044, 0.642788, -5.61943e-08, -0.642788, 0.766044, 1, -1.20908e-07, -2.80971e-08, 0, 0, 0)
light_color = Color(1, 0.784314, 0.588235, 1)
shadow_enabled = true

[node name="cactusScene3" parent="." instance=ExtResource("6")]
transform = Transform3D(2, 0, 0, 0, 2, 0, 0, 0, 2, -5.30052, -0.420078, -0.411954)
visible = false

[node name="cactusScene2" parent="." instance=ExtResource("7")]
transform = Transform3D(2, 0, 0, 0, 2, 0, 0, 0, 2, 5.21648, -0.311238, -0.182909)
visible = false

[node name="cactusScene" parent="." instance=ExtResource("1")]
transform = Transform3D(2, 0, 0, 0, 2, 0, 0, 0, 2, 5.34369, -0.556426, 6.46729)

[node name="AllTerrain" type="Node3D" parent="."]
script = ExtResource("4")
