[gd_scene load_steps=7 format=3 uid="uid://jl688fd4xib7"]

[ext_resource type="Material" uid="uid://c23pdgloa1ahr" path="res://Assets/Materials/GroundMat.tres" id="1_xyi3r"]
[ext_resource type="PackedScene" path="res://Assets/Models/Shooting Target/Short/wood_shooting_target.tscn" id="2_7p2k0"]
[ext_resource type="PackedScene" uid="uid://dtpfhvp8l7jbt" path="res://Assets/Models/Shooting Target/Tall/wood_cutout_tall.tscn" id="3_qbpjt"]

[sub_resource type="BoxShape3D" id="1"]
size = Vector3(16, 0.1, 16)

[sub_resource type="NavigationMesh" id="4"]
vertices = PackedVector3Array(0, 0.45, -7.5, -7.5, 0.45, 0, -7.5, 0.45, 7.5, 0, 0.45, 7.5, 7.5, 0.45, 0, 7.5, 0.45, -7.5, 0, 0.45, 7.5, 7.5, 0.45, 7.5, 7.5, 0.45, 0, 0, 0.45, -7.5, -7.5, 0.45, -7.5, -7.5, 0.45, 0)
polygons = [PackedInt32Array(5, 4, 0), PackedInt32Array(0, 4, 3), PackedInt32Array(0, 3, 1), PackedInt32Array(1, 3, 2), PackedInt32Array(8, 7, 6), PackedInt32Array(11, 10, 9)]

[sub_resource type="BoxMesh" id="2"]
size = Vector3(16, 0.1, 16)

[node name="StaticBody3D3" type="StaticBody3D"]
transform = Transform3D(1, 0, 0, 0, 1, 0, 0, 0, 1, 8, 0, 8)

[node name="CollisionShape3D" type="CollisionShape3D" parent="."]
shape = SubResource("1")

[node name="NavigationRegion3D" type="NavigationRegion3D" parent="."]
navigation_mesh = SubResource("4")

[node name="MeshInstance3D" type="MeshInstance3D" parent="NavigationRegion3D"]
mesh = SubResource("2")
skeleton = NodePath("../..")
surface_material_override/0 = ExtResource("1_xyi3r")

[node name="Wood CutOuts" parent="." instance=ExtResource("2_7p2k0")]
transform = Transform3D(0.461454, 0, 0.887164, 0, 1, 0, -0.887164, 0, 0.461454, -0.457937, 0.0500002, 2.35913)

[node name="Wood CutOuts2" parent="." instance=ExtResource("2_7p2k0")]
transform = Transform3D(-0.210352, 0, 0.977626, 0, 1, 0, -0.977626, 0, -0.210352, 0.190422, 0.0500002, 0.352682)

[node name="Wood Cutout Tall" parent="." instance=ExtResource("3_qbpjt")]
transform = Transform3D(0.231086, 0, 0.972933, 0, 1, 0, -0.972933, 0, 0.231086, 0.536592, 0.0500002, -2.37167)

[node name="Wood Cutout Tall2" parent="." instance=ExtResource("3_qbpjt")]
transform = Transform3D(-0.270903, 0, 0.962607, 0, 1, 0, -0.962607, 0, -0.270903, 0.799109, 0.0499997, -4.31466)

[node name="Wood Cutout Tall3" parent="." instance=ExtResource("3_qbpjt")]
transform = Transform3D(0.639613, 0, 0.768697, 0, 1, 0, -0.768697, 0, 0.639613, -0.990905, 0.0500002, -2.19059)
